10 

4 

0.000000 	0.266460 	0.120570 	0.230125 	0.149835 	0.295308 	0.079119 	0.143620 	0.153775 	0.159428 	
0.266460 	0.000000 	0.353729 	0.050467 	0.309522 	0.559891 	0.345325 	0.233191 	0.413205 	0.424556 	
0.120570 	0.353729 	0.000000 	0.327897 	0.088744 	0.259870 	0.087826 	0.147324 	0.166684 	0.146588 	
0.230125 	0.050467 	0.327897 	0.000000 	0.295230 	0.519407 	0.309169 	0.223370 	0.371413 	0.385173 	
0.149835 	0.309522 	0.088744 	0.295230 	0.000000 	0.348377 	0.160725 	0.078175 	0.248769 	0.232807 	
0.295308 	0.559891 	0.259870 	0.519407 	0.348377 	0.000000 	0.219651 	0.400695 	0.148833 	0.135880 	
0.079119 	0.345325 	0.087826 	0.309169 	0.160725 	0.219651 	0.000000 	0.189932 	0.090709 	0.085227 	
0.143620 	0.233191 	0.147324 	0.223370 	0.078175 	0.400695 	0.189932 	0.000000 	0.280236 	0.272969 	
0.153775 	0.413205 	0.166684 	0.371413 	0.248769 	0.148833 	0.090709 	0.280236 	0.000000 	0.034329 	
0.159428 	0.424556 	0.146588 	0.385173 	0.232807 	0.135880 	0.085227 	0.272969 	0.034329 	0.000000 	

123095.894111 	17647.882807 	43228.142919 	28199.243374 	3690.210906 	3780.021801 	16865.584137 	13879.912677 	6724.666538 	25746.785493 	
46081.362119 	102919.849763 	75706.669364 	52562.991261 	8976.679002 	2077.929501 	6739.819666 	59506.592413 	125.179026 	13959.755328 	
54151.531599 	54663.481358 	238972.236086 	26307.032931 	67937.753050 	13974.236970 	34873.811378 	34194.298767 	24351.197093 	64992.390064 	
60655.561178 	64902.705050 	63773.405583 	35600.009755 	5354.882388 	904.384441 	5301.495175 	12195.776179 	154.693072 	11246.498586 	
9295.067090 	32475.717211 	75530.764535 	16245.363659 	64208.057065 	2030.528296 	6400.066664 	14058.795237 	8937.375414 	10617.858588 	
1719.134658 	712.506273 	3602.990430 	448.457757 	215.142945 	5774.458918 	2454.667442 	463.496035 	987.206610 	8647.215461 	
31115.245394 	7415.759449 	36506.556233 	6690.797746 	1936.077557 	6308.038365 	31187.447454 	9947.537984 	15366.895197 	27259.523478 	
12421.164304 	79381.472252 	21816.819832 	17634.340789 	12292.093190 	977.463384 	5239.556209 	81296.044876 	970.219147 	5961.687703 	
24012.420366 	1194.992192 	80397.938304 	294.650196 	1520.939656 	3606.495417 	34158.454466 	2194.405782 	53.754877 	157330.632001 	
35300.759521 	16297.095174 	65100.773667 	7028.861432 	9753.301665 	28631.900664 	48838.946050 	9837.155426 	44762.480805 	112367.382187 	


12006.209052 	15562.954269 	19119.699259 	22676.444249 	
11924.167519 	15456.608576 	18989.049407 	22521.490238 	
12015.761507 	15575.336564 	19134.911394 	22694.486223 	
11944.737456 	15483.272195 	19021.806709 	22560.341222 	
12028.911021 	15592.381518 	19155.851788 	22719.322058 	
12021.490598 	15582.762853 	19144.034881 	22705.306909 	
11953.944498 	15495.206751 	19036.468778 	22577.730805 	
11968.332735 	15513.857390 	19059.381819 	22604.906248 	
11977.885190 	15526.239684 	19074.593953 	22622.948222 	
11977.885190 	15526.239684 	19074.593953 	22622.948222 	

1.00
0.75
1.00
1.50

8.285664e-06 	5.809769e-06 	5.112443e-06 	4.867535e-06 	
4.337995e-06 	2.933114e-06 	2.520826e-06 	2.360071e-06 	
3.637651e-06 	2.422775e-06 	2.061056e-06 	1.915230e-06 	
3.938652e-06 	2.642114e-06 	2.258661e-06 	2.106418e-06 	
6.621879e-06 	4.597374e-06 	4.020180e-06 	3.810739e-06 	
4.463312e-06 	3.024432e-06 	2.603096e-06 	2.439670e-06 	
5.957048e-06 	4.112913e-06 	3.583723e-06 	3.388454e-06 	
3.637651e-06 	2.422775e-06 	2.061056e-06 	1.915230e-06 	
7.308734e-06 	5.097883e-06 	4.471096e-06 	4.247013e-06 	
7.905784e-06 	5.532952e-06 	4.863055e-06 	4.626245e-06 	

7.739694e-06 	5.725187e-06 	5.190685e-06 	5.034427e-06 	
9.651995e-06 	7.240825e-06 	6.616364e-06 	6.449370e-06 	
8.038704e-06 	5.962174e-06 	5.413606e-06 	5.255669e-06 	
9.059718e-06 	6.771402e-06 	6.174803e-06 	6.011134e-06 	
4.012493e-06 	2.771110e-06 	2.411943e-06 	2.276611e-06 	
4.558621e-06 	3.203956e-06 	2.819099e-06 	2.680700e-06 	
3.853843e-06 	2.645368e-06 	2.293665e-06 	2.159224e-06 	
5.609409e-06 	4.036782e-06 	3.602493e-06 	3.458195e-06 	
8.996768e-06 	6.721510e-06 	6.127872e-06 	5.964557e-06 	
3.414260e-06 	2.296967e-06 	1.965943e-06 	1.833969e-06 	

