150 

4 

0.000000 	0.013334 	0.107702 	0.031868 	0.099554 	0.031754 	0.018125 	0.010589 	0.031438 	0.004652 	0.052406 	0.066110 	0.012606 	0.027092 	0.033185 	0.040874 	0.266460 	0.120570 	0.230125 	0.224332 	0.176072 	0.194684 	0.173852 	0.208283 	0.178345 	0.129236 	0.096772 	0.103660 	0.146688 	0.118764 	0.148448 	0.056930 	0.087571 	0.123279 	0.116585 	0.160350 	0.133877 	0.066297 	0.060332 	0.257353 	0.274111 	0.216388 	0.240325 	0.256885 	0.198151 	0.184396 	0.263635 	0.242422 	0.266825 	0.158487 	0.227262 	0.199074 	0.215527 	0.164354 	0.222096 	0.150168 	0.139847 	0.096450 	0.110152 	0.110279 	0.113439 	0.136706 	0.114246 	0.104868 	0.114120 	0.125628 	0.115934 	0.084845 	0.109144 	0.115916 	0.119400 	0.117366 	0.099446 	0.110470 	0.116679 	0.140794 	0.065458 	0.086126 	0.184858 	0.169147 	0.198429 	0.245671 	0.306025 	0.339181 	0.287369 	0.177273 	0.179861 	0.263304 	0.160130 	0.160778 	0.172250 	0.182570 	0.221478 	0.295308 	0.321242 	0.322316 	0.272244 	0.261827 	0.277085 	0.303406 	0.308370 	0.193020 	0.173651 	0.205688 	0.095270 	0.100332 	0.080468 	0.066492 	0.076793 	0.051053 	0.143620 	0.110066 	0.105901 	0.090125 	0.139830 	0.126118 	0.087227 	0.131422 	0.136166 	0.170194 	0.171555 	0.136703 	0.182291 	0.178366 	0.102740 	0.140420 	0.155246 	0.122711 	0.117407 	0.067867 	0.068607 	0.074410 	0.085473 	0.132731 	0.165852 	0.153775 	0.136339 	0.085099 	0.156480 	0.099455 	0.156048 	0.124918 	0.159428 	0.106580 	0.270979 	0.211551 	0.183424 	0.171031 	0.323238 	0.331965 	
0.013334 	0.000000 	0.114533 	0.039525 	0.105401 	0.043859 	0.031052 	0.023697 	0.044642 	0.008736 	0.063077 	0.075627 	0.018960 	0.016013 	0.028210 	0.053756 	0.278979 	0.117268 	0.241901 	0.236749 	0.189091 	0.207070 	0.186760 	0.220377 	0.191522 	0.132721 	0.100256 	0.106822 	0.151210 	0.122521 	0.153474 	0.061685 	0.089139 	0.126306 	0.122783 	0.166441 	0.138296 	0.055782 	0.054655 	0.245845 	0.262123 	0.203546 	0.227102 	0.243883 	0.185320 	0.171583 	0.250531 	0.229356 	0.280155 	0.171476 	0.240531 	0.212372 	0.228854 	0.177606 	0.235402 	0.162797 	0.150769 	0.108724 	0.120142 	0.104654 	0.111770 	0.133065 	0.111710 	0.101199 	0.110640 	0.120022 	0.108221 	0.081168 	0.104118 	0.117414 	0.115363 	0.117473 	0.097660 	0.110829 	0.115658 	0.139937 	0.054617 	0.073349 	0.174125 	0.158606 	0.187525 	0.233537 	0.319289 	0.352502 	0.300292 	0.190606 	0.192928 	0.276338 	0.156641 	0.156428 	0.172133 	0.177278 	0.222124 	0.282243 	0.308024 	0.309154 	0.259189 	0.248618 	0.263879 	0.290144 	0.295185 	0.204522 	0.184233 	0.218294 	0.083561 	0.088255 	0.068564 	0.053549 	0.064185 	0.038859 	0.154032 	0.115492 	0.117126 	0.097957 	0.149033 	0.133380 	0.097101 	0.143017 	0.144633 	0.182228 	0.183761 	0.149339 	0.193964 	0.190300 	0.093257 	0.129331 	0.145962 	0.114266 	0.109512 	0.061492 	0.060693 	0.070644 	0.078731 	0.123414 	0.152813 	0.140444 	0.123380 	0.072400 	0.143248 	0.086523 	0.143219 	0.112028 	0.146374 	0.093775 	0.279735 	0.219130 	0.187073 	0.173055 	0.310812 	0.319243 	
0.107702 	0.114533 	0.000000 	0.075864 	0.012449 	0.113140 	0.095376 	0.106011 	0.102292 	0.110430 	0.061804 	0.144804 	0.118612 	0.112390 	0.140780 	0.083920 	0.199100 	0.227338 	0.152273 	0.158137 	0.133556 	0.131319 	0.127823 	0.137545 	0.142563 	0.222669 	0.192666 	0.199859 	0.235318 	0.212069 	0.234934 	0.154510 	0.188579 	0.218490 	0.201053 	0.241119 	0.223802 	0.169149 	0.167972 	0.352873 	0.366033 	0.300291 	0.314726 	0.336670 	0.282837 	0.269880 	0.340883 	0.321274 	0.233807 	0.168294 	0.190058 	0.184771 	0.186980 	0.160610 	0.203591 	0.171646 	0.063241 	0.066772 	0.035020 	0.217980 	0.218635 	0.243621 	0.220399 	0.212011 	0.221071 	0.233330 	0.222742 	0.192149 	0.216799 	0.215493 	0.226665 	0.219731 	0.205060 	0.212621 	0.220923 	0.244242 	0.121826 	0.151787 	0.285022 	0.270197 	0.297743 	0.336819 	0.261856 	0.309003 	0.228965 	0.158680 	0.138555 	0.210304 	0.266785 	0.268063 	0.273619 	0.290207 	0.320036 	0.372664 	0.393261 	0.396331 	0.350446 	0.315551 	0.350826 	0.357968 	0.381929 	0.226767 	0.221053 	0.218119 	0.193300 	0.196250 	0.178330 	0.158987 	0.170931 	0.149783 	0.197226 	0.198394 	0.159648 	0.171177 	0.204162 	0.204381 	0.157426 	0.174458 	0.206115 	0.103917 	0.108347 	0.092951 	0.107845 	0.108842 	0.207185 	0.239818 	0.259780 	0.228718 	0.224045 	0.175355 	0.175196 	0.181837 	0.192870 	0.237305 	0.248532 	0.223832 	0.222159 	0.177783 	0.234987 	0.188489 	0.242585 	0.212491 	0.242197 	0.196490 	0.327188 	0.280077 	0.273374 	0.266954 	0.410281 	0.415020 	
0.031868 	0.039525 	0.075864 	0.000000 	0.067755 	0.046419 	0.023148 	0.031809 	0.038016 	0.034610 	0.026332 	0.083715 	0.043278 	0.042127 	0.064919 	0.030199 	0.244392 	0.152174 	0.205028 	0.201898 	0.158133 	0.172250 	0.154925 	0.184454 	0.162266 	0.155577 	0.123694 	0.130818 	0.171340 	0.144914 	0.172287 	0.083768 	0.116641 	0.150273 	0.139023 	0.182167 	0.158866 	0.095233 	0.092109 	0.284132 	0.299570 	0.238456 	0.259033 	0.277715 	0.220361 	0.206784 	0.283582 	0.262796 	0.253848 	0.154953 	0.212334 	0.189789 	0.202676 	0.156832 	0.212269 	0.150090 	0.112621 	0.074788 	0.081087 	0.142125 	0.144437 	0.168372 	0.145617 	0.136592 	0.145784 	0.157482 	0.147223 	0.116613 	0.141012 	0.144635 	0.151171 	0.147240 	0.130574 	0.140217 	0.147308 	0.171191 	0.069573 	0.097096 	0.213261 	0.197871 	0.226524 	0.270715 	0.290545 	0.327973 	0.267856 	0.165924 	0.162388 	0.244872 	0.191724 	0.192566 	0.201967 	0.214437 	0.250338 	0.315503 	0.339695 	0.341477 	0.292600 	0.273394 	0.295859 	0.315695 	0.327289 	0.198702 	0.183498 	0.204763 	0.122057 	0.126167 	0.106937 	0.089754 	0.101255 	0.077308 	0.154734 	0.133976 	0.115180 	0.110243 	0.154879 	0.146254 	0.102307 	0.138045 	0.153280 	0.146327 	0.148423 	0.116269 	0.157022 	0.154055 	0.132779 	0.168274 	0.185482 	0.153593 	0.148606 	0.099529 	0.099701 	0.106215 	0.117081 	0.162932 	0.186886 	0.169518 	0.158215 	0.109042 	0.175672 	0.121997 	0.178528 	0.147348 	0.180404 	0.129697 	0.285563 	0.229640 	0.208961 	0.198709 	0.347065 	0.354385 	
0.099554 	0.105401 	0.012449 	0.067755 	0.000000 	0.108030 	0.088648 	0.098866 	0.097383 	0.101938 	0.057530 	0.141428 	0.110979 	0.102126 	0.132323 	0.079820 	0.211095 	0.219902 	0.164555 	0.169911 	0.143276 	0.142720 	0.137764 	0.149453 	0.151815 	0.218422 	0.187759 	0.194962 	0.231949 	0.207764 	0.231894 	0.148872 	0.182692 	0.213906 	0.197989 	0.238974 	0.220140 	0.159243 	0.159476 	0.341483 	0.354349 	0.288267 	0.302398 	0.324456 	0.270877 	0.257982 	0.328596 	0.309047 	0.243763 	0.173434 	0.200026 	0.192644 	0.196187 	0.167021 	0.212078 	0.175594 	0.074585 	0.071711 	0.044236 	0.209589 	0.211819 	0.236116 	0.213237 	0.204347 	0.213529 	0.224967 	0.213539 	0.184365 	0.208635 	0.210065 	0.218924 	0.213706 	0.198069 	0.206618 	0.214407 	0.238017 	0.109798 	0.139681 	0.274244 	0.259574 	0.286833 	0.325121 	0.272751 	0.319091 	0.240605 	0.166562 	0.148250 	0.221553 	0.259439 	0.260316 	0.268012 	0.282052 	0.315199 	0.360359 	0.380854 	0.383950 	0.338176 	0.303144 	0.338461 	0.345573 	0.369547 	0.230250 	0.222923 	0.223769 	0.182612 	0.185337 	0.167730 	0.148104 	0.160054 	0.139570 	0.198029 	0.194740 	0.159651 	0.168134 	0.203779 	0.202213 	0.155427 	0.176057 	0.205056 	0.115204 	0.119454 	0.101721 	0.119750 	0.120437 	0.197344 	0.229069 	0.249796 	0.219203 	0.214766 	0.166674 	0.166065 	0.173955 	0.184068 	0.227388 	0.236559 	0.211533 	0.210416 	0.166731 	0.222890 	0.177102 	0.230810 	0.200884 	0.230244 	0.185110 	0.328866 	0.279904 	0.270017 	0.262497 	0.398278 	0.402851 	
0.031754 	0.043859 	0.113140 	0.046419 	0.108030 	0.000000 	0.023837 	0.021606 	0.010921 	0.035601 	0.051385 	0.037517 	0.026971 	0.058801 	0.047374 	0.029941 	0.247271 	0.118122 	0.215076 	0.206027 	0.154101 	0.176855 	0.152826 	0.191887 	0.154772 	0.110654 	0.079731 	0.086934 	0.125426 	0.099970 	0.126121 	0.041592 	0.075767 	0.105923 	0.092680 	0.135748 	0.113150 	0.085266 	0.068980 	0.275053 	0.293573 	0.240045 	0.266477 	0.281322 	0.221857 	0.208093 	0.288743 	0.267325 	0.240129 	0.128231 	0.202160 	0.170845 	0.189154 	0.135646 	0.193950 	0.119015 	0.130185 	0.081882 	0.105424 	0.114063 	0.107445 	0.134378 	0.110281 	0.104197 	0.112439 	0.128619 	0.124720 	0.085788 	0.111518 	0.102354 	0.118798 	0.106961 	0.094632 	0.099851 	0.108965 	0.131649 	0.097190 	0.117175 	0.200549 	0.184451 	0.214510 	0.265882 	0.280743 	0.311174 	0.265448 	0.150437 	0.157409 	0.240610 	0.156664 	0.159413 	0.160498 	0.183048 	0.207177 	0.320055 	0.347185 	0.347746 	0.296981 	0.291552 	0.302989 	0.332738 	0.334032 	0.161288 	0.142413 	0.174482 	0.116039 	0.122162 	0.102411 	0.092594 	0.101231 	0.075474 	0.112592 	0.087997 	0.074327 	0.063837 	0.110259 	0.099912 	0.057294 	0.099684 	0.107731 	0.154638 	0.155051 	0.118286 	0.168321 	0.163181 	0.116801 	0.158000 	0.167054 	0.133150 	0.126602 	0.077007 	0.081188 	0.076712 	0.093677 	0.145217 	0.190957 	0.182362 	0.161227 	0.109639 	0.183063 	0.124707 	0.180056 	0.149568 	0.184668 	0.131100 	0.241508 	0.183940 	0.163276 	0.154533 	0.344402 	0.354570 	
0.018125 	0.031052 	0.095376 	0.023148 	0.088648 	0.023837 	0.000000 	0.011151 	0.017680 	0.022702 	0.036300 	0.061354 	0.024578 	0.042121 	0.048732 	0.022760 	0.248346 	0.132065 	0.212302 	0.206239 	0.158048 	0.176602 	0.155767 	0.190305 	0.160500 	0.132472 	0.100694 	0.107842 	0.148205 	0.121803 	0.149201 	0.060919 	0.094260 	0.127242 	0.116046 	0.159346 	0.135720 	0.083898 	0.075085 	0.275173 	0.292122 	0.234481 	0.258113 	0.274911 	0.216247 	0.202496 	0.281583 	0.260403 	0.249569 	0.143488 	0.209630 	0.182530 	0.198233 	0.148167 	0.205466 	0.136379 	0.122721 	0.078440 	0.094045 	0.124114 	0.123306 	0.148374 	0.125030 	0.116942 	0.125876 	0.139302 	0.131468 	0.097290 	0.122452 	0.122013 	0.131646 	0.125141 	0.109686 	0.118069 	0.125772 	0.149378 	0.078201 	0.101665 	0.202305 	0.186496 	0.215961 	0.263728 	0.288371 	0.322358 	0.269293 	0.160203 	0.161877 	0.245292 	0.171449 	0.172980 	0.179654 	0.195593 	0.227618 	0.313290 	0.339035 	0.340198 	0.290234 	0.278188 	0.294902 	0.319993 	0.326219 	0.181912 	0.164613 	0.191792 	0.113250 	0.118405 	0.098515 	0.084533 	0.094914 	0.069171 	0.135168 	0.110857 	0.096153 	0.087546 	0.133781 	0.123683 	0.080863 	0.120487 	0.131507 	0.152255 	0.153538 	0.118580 	0.164550 	0.160475 	0.119601 	0.158100 	0.171795 	0.138764 	0.133072 	0.082954 	0.084753 	0.087189 	0.100540 	0.149365 	0.183852 	0.170936 	0.154384 	0.103212 	0.174256 	0.117509 	0.174143 	0.142991 	0.177417 	0.124676 	0.264927 	0.207756 	0.185813 	0.175738 	0.341351 	0.350084 	
0.010589 	0.023697 	0.106011 	0.031809 	0.098866 	0.021606 	0.011151 	0.000000 	0.020946 	0.014983 	0.047450 	0.057466 	0.013451 	0.037586 	0.037708 	0.032514 	0.258021 	0.121327 	0.222707 	0.216065 	0.166868 	0.186489 	0.164855 	0.200475 	0.168802 	0.124589 	0.092412 	0.099474 	0.141164 	0.113983 	0.142541 	0.052344 	0.084849 	0.119025 	0.109977 	0.153622 	0.128495 	0.073541 	0.063937 	0.264894 	0.282167 	0.225532 	0.250102 	0.266256 	0.207292 	0.193520 	0.273175 	0.251900 	0.256735 	0.147907 	0.217456 	0.188710 	0.205473 	0.153912 	0.211751 	0.139602 	0.133646 	0.088645 	0.105184 	0.113008 	0.112956 	0.137614 	0.114446 	0.106073 	0.115078 	0.128216 	0.120341 	0.086333 	0.111398 	0.112909 	0.120759 	0.115438 	0.099212 	0.108411 	0.115649 	0.139448 	0.075683 	0.096715 	0.191701 	0.175835 	0.205415 	0.253911 	0.296220 	0.328883 	0.278290 	0.167112 	0.170558 	0.254033 	0.160783 	0.162128 	0.170159 	0.184609 	0.218635 	0.304773 	0.331000 	0.331954 	0.281697 	0.272312 	0.286819 	0.313838 	0.318059 	0.182840 	0.163953 	0.195124 	0.103332 	0.108739 	0.088798 	0.075982 	0.085854 	0.059901 	0.134052 	0.104082 	0.095932 	0.082501 	0.131018 	0.118684 	0.078159 	0.121234 	0.127854 	0.162518 	0.163641 	0.128211 	0.175064 	0.170808 	0.108749 	0.147711 	0.160815 	0.127694 	0.121956 	0.071815 	0.073740 	0.076169 	0.089394 	0.138418 	0.175320 	0.164040 	0.145710 	0.094231 	0.166304 	0.108840 	0.165217 	0.134203 	0.168923 	0.115784 	0.262286 	0.203678 	0.178409 	0.167288 	0.331791 	0.340904 	
0.031438 	0.044642 	0.102292 	0.038016 	0.097383 	0.010921 	0.017680 	0.020946 	0.000000 	0.035920 	0.040506 	0.046053 	0.031036 	0.058009 	0.054071 	0.019073 	0.239798 	0.128710 	0.206365 	0.198214 	0.147510 	0.168842 	0.145853 	0.183490 	0.148894 	0.121098 	0.090454 	0.097654 	0.135383 	0.110426 	0.135846 	0.052513 	0.086688 	0.116524 	0.102183 	0.144815 	0.123255 	0.091614 	0.077596 	0.282444 	0.300439 	0.245307 	0.270581 	0.286277 	0.227078 	0.213299 	0.293389 	0.272054 	0.236040 	0.127147 	0.197121 	0.167789 	0.184830 	0.132967 	0.190841 	0.119328 	0.120188 	0.072564 	0.094755 	0.123938 	0.118246 	0.144994 	0.120965 	0.114572 	0.122944 	0.138661 	0.133833 	0.095870 	0.121571 	0.113224 	0.129220 	0.117882 	0.105329 	0.110772 	0.119841 	0.142568 	0.095263 	0.117448 	0.208386 	0.192353 	0.222270 	0.272475 	0.275858 	0.307996 	0.258993 	0.146365 	0.151029 	0.234455 	0.167396 	0.169994 	0.171381 	0.193497 	0.217896 	0.324890 	0.351439 	0.352263 	0.301808 	0.293250 	0.307244 	0.334783 	0.338426 	0.164255 	0.147027 	0.174823 	0.122075 	0.127863 	0.107951 	0.096366 	0.105800 	0.079814 	0.117703 	0.097974 	0.078546 	0.072859 	0.116981 	0.108597 	0.064300 	0.102809 	0.115265 	0.145932 	0.146600 	0.110274 	0.159264 	0.154404 	0.124751 	0.165212 	0.175726 	0.141984 	0.135648 	0.085654 	0.089158 	0.086527 	0.102694 	0.153669 	0.195510 	0.184934 	0.165826 	0.114215 	0.186860 	0.129036 	0.185083 	0.154246 	0.189147 	0.135778 	0.247903 	0.191625 	0.173338 	0.165115 	0.350723 	0.360349 	
0.004652 	0.008736 	0.110430 	0.034610 	0.101938 	0.035601 	0.022702 	0.014983 	0.035920 	0.000000 	0.056325 	0.068855 	0.013192 	0.023277 	0.030393 	0.045461 	0.270985 	0.118716 	0.234455 	0.228830 	0.180700 	0.199174 	0.178460 	0.212697 	0.182994 	0.129743 	0.097231 	0.104014 	0.147592 	0.119358 	0.149540 	0.057735 	0.087318 	0.123613 	0.118087 	0.161848 	0.134731 	0.062195 	0.057574 	0.253062 	0.269698 	0.211783 	0.235673 	0.252254 	0.193548 	0.179795 	0.258991 	0.237782 	0.271455 	0.162848 	0.231913 	0.203636 	0.220161 	0.168878 	0.226666 	0.154342 	0.143915 	0.100898 	0.113918 	0.107663 	0.112118 	0.134759 	0.112637 	0.102870 	0.112198 	0.123037 	0.112684 	0.082803 	0.106716 	0.115693 	0.117304 	0.116658 	0.098061 	0.109839 	0.115583 	0.139783 	0.061919 	0.081844 	0.180767 	0.165105 	0.194293 	0.241221 	0.310676 	0.343768 	0.291982 	0.181890 	0.184497 	0.267936 	0.158253 	0.158619 	0.171519 	0.180120 	0.221038 	0.290669 	0.316590 	0.317667 	0.267606 	0.257331 	0.272433 	0.298873 	0.303720 	0.196684 	0.176921 	0.209855 	0.090899 	0.095877 	0.076043 	0.061862 	0.072219 	0.046544 	0.146810 	0.111267 	0.109421 	0.092226 	0.142524 	0.128038 	0.090155 	0.135115 	0.138565 	0.174589 	0.175996 	0.141250 	0.186587 	0.182735 	0.098962 	0.136222 	0.151557 	0.119249 	0.114103 	0.064929 	0.065218 	0.072308 	0.082471 	0.129021 	0.161215 	0.149173 	0.131713 	0.080511 	0.151828 	0.094831 	0.151444 	0.120301 	0.154789 	0.101976 	0.273535 	0.213638 	0.184034 	0.171050 	0.318721 	0.327385 	
0.052406 	0.063077 	0.061804 	0.026332 	0.057530 	0.051385 	0.036300 	0.047450 	0.040506 	0.056325 	0.000000 	0.083913 	0.060849 	0.068116 	0.084811 	0.022305 	0.218100 	0.167485 	0.179261 	0.175620 	0.132152 	0.145958 	0.128787 	0.158352 	0.136691 	0.161089 	0.130869 	0.138064 	0.174418 	0.150455 	0.174398 	0.092887 	0.127034 	0.156766 	0.140500 	0.181842 	0.162627 	0.118499 	0.111370 	0.308893 	0.324878 	0.264529 	0.285363 	0.303950 	0.246400 	0.232783 	0.309879 	0.289061 	0.228855 	0.135062 	0.186889 	0.166473 	0.177893 	0.134705 	0.188573 	0.132464 	0.087696 	0.048543 	0.057858 	0.160339 	0.157881 	0.183815 	0.160124 	0.152679 	0.161444 	0.175480 	0.167685 	0.133238 	0.158570 	0.153729 	0.167398 	0.158225 	0.144596 	0.151111 	0.159821 	0.182843 	0.095025 	0.123177 	0.237051 	0.221421 	0.250526 	0.296144 	0.264826 	0.303390 	0.241565 	0.141928 	0.136487 	0.218692 	0.206631 	0.208606 	0.211882 	0.231522 	0.258267 	0.341792 	0.366026 	0.367806 	0.318874 	0.299036 	0.322191 	0.341421 	0.353621 	0.184059 	0.172266 	0.185683 	0.146608 	0.151118 	0.131567 	0.115275 	0.126543 	0.101827 	0.145233 	0.137222 	0.105799 	0.110671 	0.148723 	0.145130 	0.098648 	0.125546 	0.149039 	0.120191 	0.122180 	0.090023 	0.131256 	0.128020 	0.155141 	0.192374 	0.207596 	0.174824 	0.169259 	0.119212 	0.120727 	0.123269 	0.136814 	0.185098 	0.213051 	0.195801 	0.184236 	0.134509 	0.201970 	0.147823 	0.204481 	0.173258 	0.206569 	0.155431 	0.276900 	0.224769 	0.212487 	0.205289 	0.372864 	0.380455 	
0.066110 	0.075627 	0.144804 	0.083715 	0.141428 	0.037517 	0.061354 	0.057466 	0.046053 	0.068855 	0.083913 	0.000000 	0.056669 	0.091597 	0.065694 	0.061692 	0.250467 	0.103489 	0.224799 	0.211464 	0.155531 	0.183880 	0.155913 	0.200431 	0.153277 	0.078560 	0.051800 	0.058523 	0.090566 	0.068204 	0.090492 	0.029967 	0.055365 	0.075303 	0.056611 	0.098785 	0.079014 	0.099455 	0.075092 	0.278748 	0.299436 	0.252887 	0.282988 	0.294803 	0.235105 	0.221613 	0.303234 	0.281735 	0.229791 	0.110792 	0.196035 	0.158339 	0.180662 	0.123174 	0.181023 	0.097636 	0.149277 	0.099581 	0.130516 	0.107175 	0.089665 	0.118613 	0.094612 	0.093127 	0.099254 	0.119479 	0.122758 	0.079401 	0.103228 	0.076174 	0.106273 	0.084032 	0.079836 	0.077369 	0.089002 	0.108357 	0.130236 	0.146046 	0.203219 	0.187161 	0.217290 	0.273211 	0.272808 	0.296855 	0.263939 	0.142239 	0.157847 	0.238196 	0.138349 	0.143328 	0.133235 	0.168063 	0.176566 	0.333635 	0.362577 	0.362243 	0.310770 	0.314894 	0.318681 	0.354903 	0.349035 	0.131226 	0.109019 	0.151106 	0.129274 	0.136322 	0.118189 	0.114359 	0.120204 	0.096933 	0.078718 	0.053627 	0.044589 	0.026909 	0.073720 	0.062568 	0.021561 	0.071121 	0.070424 	0.165664 	0.164795 	0.127457 	0.180817 	0.174332 	0.121816 	0.164712 	0.166105 	0.132501 	0.124973 	0.081813 	0.088986 	0.073788 	0.094498 	0.146245 	0.207026 	0.204516 	0.177799 	0.128143 	0.201683 	0.143303 	0.194743 	0.166208 	0.201102 	0.148353 	0.204905 	0.146484 	0.128639 	0.122959 	0.352161 	0.364421 	
0.012606 	0.018960 	0.118612 	0.043278 	0.110979 	0.026971 	0.024578 	0.013451 	0.031036 	0.013192 	0.060849 	0.056669 	0.000000 	0.034954 	0.024328 	0.045463 	0.270359 	0.108923 	0.235701 	0.228561 	0.178488 	0.199056 	0.176727 	0.213281 	0.179928 	0.116781 	0.084290 	0.091140 	0.134463 	0.106347 	0.136367 	0.044612 	0.074970 	0.110756 	0.104909 	0.148666 	0.121616 	0.060905 	0.050521 	0.252146 	0.269755 	0.214285 	0.239924 	0.255311 	0.196059 	0.182281 	0.262509 	0.241145 	0.266588 	0.155166 	0.228033 	0.197662 	0.215478 	0.162531 	0.220760 	0.145624 	0.147031 	0.101576 	0.118623 	0.099814 	0.101280 	0.125147 	0.102343 	0.093432 	0.102566 	0.115074 	0.106893 	0.073537 	0.098346 	0.103311 	0.108064 	0.104856 	0.087357 	0.097937 	0.104358 	0.128410 	0.073568 	0.091049 	0.178642 	0.162725 	0.192410 	0.241661 	0.306740 	0.337987 	0.289972 	0.176871 	0.182041 	0.265481 	0.148462 	0.149466 	0.159734 	0.171676 	0.208888 	0.293957 	0.320721 	0.321435 	0.270874 	0.264637 	0.276520 	0.305777 	0.307646 	0.186027 	0.165365 	0.200992 	0.091147 	0.096851 	0.076928 	0.065808 	0.074878 	0.048935 	0.135138 	0.098079 	0.098558 	0.079302 	0.130101 	0.114985 	0.078155 	0.124642 	0.125833 	0.175419 	0.176409 	0.140619 	0.188160 	0.183762 	0.095478 	0.134900 	0.147425 	0.114254 	0.108506 	0.058376 	0.060342 	0.063242 	0.075968 	0.125056 	0.164642 	0.155392 	0.134933 	0.083298 	0.156351 	0.098222 	0.154087 	0.123323 	0.158305 	0.104846 	0.260900 	0.200650 	0.171023 	0.158439 	0.319791 	0.329319 	
0.027092 	0.016013 	0.112390 	0.042127 	0.102126 	0.058801 	0.042121 	0.037586 	0.058009 	0.023277 	0.068116 	0.091597 	0.034954 	0.000000 	0.039731 	0.063626 	0.286097 	0.126961 	0.247153 	0.243654 	0.198169 	0.213971 	0.195397 	0.226462 	0.201378 	0.147209 	0.114892 	0.121265 	0.166128 	0.137179 	0.168599 	0.077088 	0.102863 	0.140585 	0.138369 	0.181932 	0.153201 	0.057328 	0.063415 	0.242608 	0.257622 	0.196415 	0.217849 	0.235920 	0.178294 	0.164692 	0.242020 	0.221099 	0.291350 	0.185131 	0.250938 	0.224645 	0.240005 	0.190269 	0.247568 	0.177159 	0.154644 	0.115923 	0.122653 	0.112059 	0.122984 	0.142267 	0.122178 	0.110745 	0.120240 	0.127231 	0.112879 	0.091069 	0.112209 	0.130868 	0.124349 	0.130003 	0.108945 	0.123588 	0.127359 	0.151581 	0.038724 	0.059585 	0.172926 	0.157913 	0.185888 	0.228706 	0.329574 	0.364394 	0.308762 	0.202165 	0.202214 	0.285307 	0.165813 	0.164707 	0.184190 	0.184367 	0.234600 	0.273895 	0.298684 	0.300209 	0.250932 	0.236088 	0.254691 	0.277947 	0.286096 	0.219961 	0.200056 	0.232680 	0.081216 	0.084757 	0.066137 	0.047860 	0.059568 	0.037444 	0.169892 	0.130851 	0.132686 	0.113908 	0.165044 	0.149210 	0.113041 	0.158387 	0.160625 	0.188306 	0.190268 	0.157211 	0.199145 	0.196104 	0.095412 	0.127736 	0.147703 	0.117741 	0.113886 	0.069143 	0.066387 	0.080723 	0.085332 	0.125347 	0.144957 	0.129433 	0.116133 	0.067136 	0.134178 	0.079873 	0.136417 	0.105224 	0.138476 	0.087594 	0.295733 	0.234979 	0.201503 	0.186592 	0.304938 	0.312343 	
0.033185 	0.028210 	0.140780 	0.064919 	0.132323 	0.047374 	0.048732 	0.037708 	0.054071 	0.030393 	0.084811 	0.065694 	0.024328 	0.039731 	0.000000 	0.069707 	0.293868 	0.089069 	0.259854 	0.252258 	0.201277 	0.222841 	0.199802 	0.237281 	0.202133 	0.108545 	0.076696 	0.082681 	0.128156 	0.098845 	0.131116 	0.042496 	0.063561 	0.101667 	0.102884 	0.145609 	0.115267 	0.037893 	0.027192 	0.228380 	0.246446 	0.192905 	0.220314 	0.234346 	0.174755 	0.161013 	0.242001 	0.220534 	0.286951 	0.172424 	0.249444 	0.216992 	0.236167 	0.181599 	0.240077 	0.161227 	0.171347 	0.125733 	0.142664 	0.077271 	0.083763 	0.104916 	0.083527 	0.073029 	0.082454 	0.092646 	0.082924 	0.052979 	0.076384 	0.091301 	0.087279 	0.090281 	0.069662 	0.083858 	0.087873 	0.112143 	0.072847 	0.082284 	0.154527 	0.138560 	0.168351 	0.218611 	0.327949 	0.357164 	0.312703 	0.197372 	0.204665 	0.287943 	0.128480 	0.128472 	0.144597 	0.149757 	0.194908 	0.273140 	0.300758 	0.301069 	0.250086 	0.249372 	0.256604 	0.289680 	0.287478 	0.196828 	0.173525 	0.215844 	0.068690 	0.074929 	0.055357 	0.048708 	0.055416 	0.031242 	0.143298 	0.094442 	0.110167 	0.082235 	0.134982 	0.115255 	0.086643 	0.136719 	0.128870 	0.199514 	0.200392 	0.164304 	0.212392 	0.207896 	0.071187 	0.111142 	0.123109 	0.090042 	0.084464 	0.034685 	0.036033 	0.042450 	0.052300 	0.100729 	0.144464 	0.139098 	0.114790 	0.063664 	0.137578 	0.078906 	0.133146 	0.103099 	0.138276 	0.084747 	0.263243 	0.200505 	0.162606 	0.147002 	0.297057 	0.307216 	
0.040874 	0.053756 	0.083920 	0.030199 	0.079820 	0.029941 	0.022760 	0.032514 	0.019073 	0.045461 	0.022305 	0.061692 	0.045463 	0.063626 	0.069707 	0.000000 	0.225672 	0.147677 	0.190253 	0.183632 	0.135345 	0.154027 	0.133015 	0.167962 	0.137998 	0.138818 	0.108806 	0.115989 	0.152141 	0.128195 	0.152182 	0.071494 	0.105657 	0.134570 	0.118302 	0.159946 	0.140325 	0.106054 	0.094825 	0.297407 	0.314627 	0.257240 	0.280668 	0.297639 	0.239006 	0.225255 	0.304259 	0.283103 	0.227753 	0.125138 	0.187366 	0.161754 	0.176411 	0.128025 	0.184522 	0.119908 	0.102178 	0.056148 	0.075809 	0.142279 	0.137317 	0.163976 	0.139991 	0.133385 	0.141853 	0.157150 	0.151329 	0.114454 	0.140090 	0.131915 	0.148062 	0.136840 	0.124364 	0.129734 	0.138903 	0.161554 	0.097201 	0.122585 	0.224098 	0.208188 	0.237849 	0.286311 	0.266052 	0.301042 	0.246545 	0.138745 	0.139214 	0.222594 	0.186441 	0.188948 	0.190095 	0.212338 	0.236122 	0.335989 	0.361584 	0.362820 	0.312939 	0.299408 	0.317476 	0.341407 	0.348815 	0.168779 	0.154546 	0.174692 	0.135759 	0.141036 	0.121119 	0.107279 	0.117667 	0.091887 	0.126435 	0.114922 	0.086755 	0.088517 	0.128377 	0.123307 	0.077218 	0.108539 	0.128017 	0.130019 	0.131127 	0.095876 	0.142699 	0.138330 	0.140894 	0.180213 	0.192592 	0.159132 	0.153062 	0.102850 	0.105575 	0.104892 	0.120189 	0.170319 	0.206568 	0.192998 	0.177126 	0.125970 	0.196819 	0.140256 	0.196901 	0.165745 	0.200127 	0.147435 	0.257907 	0.204120 	0.190205 	0.183055 	0.364039 	0.372840 	
0.266460 	0.278979 	0.199100 	0.244392 	0.211095 	0.247271 	0.248346 	0.258021 	0.239798 	0.270985 	0.218100 	0.250467 	0.270359 	0.286097 	0.293868 	0.225672 	0.000000 	0.353729 	0.050467 	0.042526 	0.094936 	0.072143 	0.094935 	0.061753 	0.098374 	0.312428 	0.297722 	0.302905 	0.311250 	0.305179 	0.306835 	0.278109 	0.305321 	0.313269 	0.282835 	0.300006 	0.306240 	0.331259 	0.316023 	0.522214 	0.540113 	0.482300 	0.503319 	0.522015 	0.464110 	0.450417 	0.527973 	0.507156 	0.088660 	0.162054 	0.074513 	0.120176 	0.092759 	0.141847 	0.112033 	0.179821 	0.137419 	0.170356 	0.170688 	0.356847 	0.339318 	0.368354 	0.344758 	0.343514 	0.349696 	0.369780 	0.370438 	0.328421 	0.353237 	0.320814 	0.356728 	0.331068 	0.330261 	0.325186 	0.337720 	0.353372 	0.310533 	0.339981 	0.447812 	0.431704 	0.461781 	0.511931 	0.082803 	0.141052 	0.035858 	0.118247 	0.092803 	0.037680 	0.386353 	0.392510 	0.370111 	0.417388 	0.399343 	0.559891 	0.583805 	0.585774 	0.536973 	0.512252 	0.540116 	0.554826 	0.571546 	0.211833 	0.232417 	0.172046 	0.361348 	0.366706 	0.346782 	0.332411 	0.343153 	0.317514 	0.233191 	0.287792 	0.223547 	0.262929 	0.252404 	0.274496 	0.243869 	0.211577 	0.262100 	0.098676 	0.096061 	0.129812 	0.091391 	0.091802 	0.364064 	0.405006 	0.413510 	0.379464 	0.372481 	0.323975 	0.328459 	0.321057 	0.339977 	0.392103 	0.431034 	0.413205 	0.401987 	0.351378 	0.420064 	0.365296 	0.422056 	0.390814 	0.424556 	0.372694 	0.310462 	0.301942 	0.340622 	0.349830 	0.589697 	0.598141 	
0.120570 	0.117268 	0.227338 	0.152174 	0.219902 	0.118122 	0.132065 	0.121327 	0.128710 	0.118716 	0.167485 	0.103489 	0.108923 	0.126961 	0.089069 	0.147677 	0.353729 	0.000000 	0.327897 	0.314952 	0.258823 	0.287283 	0.259362 	0.303683 	0.256010 	0.064659 	0.058752 	0.055931 	0.083743 	0.063441 	0.089788 	0.078469 	0.048427 	0.058117 	0.085572 	0.108368 	0.075698 	0.079932 	0.063555 	0.188055 	0.211583 	0.182366 	0.219338 	0.222788 	0.167313 	0.156098 	0.233146 	0.212810 	0.326399 	0.205424 	0.296297 	0.254982 	0.279732 	0.221311 	0.276498 	0.189129 	0.247714 	0.198443 	0.223463 	0.023838 	0.015748 	0.016330 	0.009056 	0.016221 	0.006740 	0.022502 	0.042612 	0.036103 	0.019656 	0.042554 	0.006943 	0.030470 	0.023950 	0.032749 	0.020567 	0.032196 	0.151011 	0.145516 	0.115335 	0.101146 	0.128392 	0.189216 	0.370754 	0.387894 	0.365819 	0.242436 	0.260971 	0.339864 	0.039561 	0.041291 	0.063498 	0.065269 	0.113742 	0.259870 	0.291870 	0.289441 	0.238590 	0.268952 	0.250692 	0.302956 	0.277937 	0.201396 	0.171542 	0.234368 	0.087426 	0.093698 	0.089612 	0.104736 	0.099402 	0.097744 	0.147324 	0.076313 	0.135009 	0.093270 	0.129560 	0.100299 	0.111266 	0.156100 	0.118769 	0.268234 	0.267697 	0.230267 	0.282983 	0.276908 	0.061336 	0.091956 	0.075717 	0.051280 	0.044574 	0.058546 	0.063905 	0.046624 	0.046038 	0.064464 	0.150488 	0.166684 	0.128452 	0.101851 	0.153421 	0.110598 	0.136485 	0.120061 	0.146588 	0.109763 	0.229692 	0.164005 	0.101948 	0.078093 	0.265938 	0.281713 	
0.230125 	0.241901 	0.152273 	0.205028 	0.164555 	0.215076 	0.212302 	0.222707 	0.206365 	0.234455 	0.179261 	0.224799 	0.235701 	0.247153 	0.259854 	0.190253 	0.050467 	0.327897 	0.000000 	0.027380 	0.077350 	0.042363 	0.073726 	0.024800 	0.086323 	0.294022 	0.274967 	0.280867 	0.296188 	0.285636 	0.292571 	0.250066 	0.280139 	0.293678 	0.264914 	0.288670 	0.289347 	0.296184 	0.283901 	0.487466 	0.504016 	0.443367 	0.462157 	0.482107 	0.425320 	0.411779 	0.487450 	0.467004 	0.122393 	0.155364 	0.090878 	0.125715 	0.103995 	0.135118 	0.126891 	0.171629 	0.093511 	0.134128 	0.126946 	0.328054 	0.314441 	0.343317 	0.319161 	0.316154 	0.323208 	0.341891 	0.339771 	0.299466 	0.324946 	0.298984 	0.330083 	0.308168 	0.304004 	0.301779 	0.313729 	0.331741 	0.268211 	0.298108 	0.414342 	0.398408 	0.428102 	0.475360 	0.129289 	0.186071 	0.085366 	0.113195 	0.077987 	0.077051 	0.363034 	0.368116 	0.352086 	0.392810 	0.386392 	0.519407 	0.542055 	0.544482 	0.496685 	0.467408 	0.498785 	0.509908 	0.530155 	0.214255 	0.229187 	0.179797 	0.325348 	0.330154 	0.310433 	0.294536 	0.305772 	0.280759 	0.223370 	0.268292 	0.205562 	0.241390 	0.240914 	0.258960 	0.222198 	0.199314 	0.249314 	0.060446 	0.060297 	0.097697 	0.048012 	0.051970 	0.330969 	0.370387 	0.382051 	0.348209 	0.341671 	0.291954 	0.295455 	0.291170 	0.308753 	0.360035 	0.391650 	0.371413 	0.363208 	0.313767 	0.379778 	0.327005 	0.383549 	0.352376 	0.385173 	0.334661 	0.319271 	0.300201 	0.328910 	0.334547 	0.552078 	0.559265 	
0.224332 	0.236749 	0.158137 	0.201898 	0.169911 	0.206027 	0.206239 	0.216065 	0.198214 	0.228830 	0.175620 	0.211464 	0.228561 	0.243654 	0.252258 	0.183632 	0.042526 	0.314952 	0.027380 	0.000000 	0.057546 	0.029697 	0.055830 	0.021215 	0.064243 	0.277009 	0.260140 	0.265670 	0.277629 	0.269158 	0.273650 	0.238289 	0.266701 	0.277249 	0.247569 	0.268516 	0.271599 	0.289458 	0.274952 	0.480633 	0.498231 	0.439932 	0.460797 	0.479560 	0.421754 	0.408075 	0.485478 	0.464681 	0.096897 	0.132657 	0.063532 	0.099466 	0.076794 	0.112161 	0.099603 	0.149618 	0.095649 	0.128045 	0.128643 	0.316931 	0.300911 	0.329938 	0.306059 	0.304108 	0.310644 	0.330220 	0.329899 	0.288395 	0.313498 	0.283728 	0.317627 	0.293513 	0.291261 	0.287387 	0.299692 	0.316460 	0.268052 	0.297469 	0.406516 	0.390442 	0.420438 	0.469942 	0.109502 	0.164181 	0.071037 	0.089305 	0.056819 	0.055996 	0.348724 	0.354414 	0.335037 	0.379250 	0.367144 	0.517401 	0.541279 	0.543253 	0.494492 	0.470058 	0.497592 	0.512636 	0.529023 	0.189367 	0.205923 	0.153616 	0.319385 	0.324643 	0.304740 	0.290114 	0.300934 	0.275373 	0.202340 	0.251736 	0.187964 	0.225786 	0.220630 	0.240480 	0.206579 	0.179104 	0.229599 	0.056246 	0.053535 	0.087958 	0.050450 	0.049722 	0.322789 	0.363381 	0.372771 	0.338749 	0.331898 	0.282946 	0.287161 	0.280694 	0.299215 	0.351154 	0.388607 	0.370684 	0.359613 	0.309130 	0.377568 	0.322964 	0.379721 	0.348476 	0.382127 	0.330399 	0.293360 	0.276765 	0.309027 	0.316193 	0.547543 	0.555804 	
0.176072 	0.189091 	0.133556 	0.158133 	0.143276 	0.154101 	0.158048 	0.166868 	0.147510 	0.180700 	0.132152 	0.155531 	0.178488 	0.198169 	0.201277 	0.135345 	0.094936 	0.258823 	0.077350 	0.057546 	0.000000 	0.035908 	0.006850 	0.053283 	0.012065 	0.219483 	0.203191 	0.208565 	0.220186 	0.211705 	0.216290 	0.183322 	0.210431 	0.219799 	0.190028 	0.211660 	0.214059 	0.239050 	0.222263 	0.429019 	0.447668 	0.392388 	0.415889 	0.432953 	0.374147 	0.360378 	0.439602 	0.418446 	0.100549 	0.078618 	0.056892 	0.060747 	0.054178 	0.058888 	0.073695 	0.094406 	0.073684 	0.083841 	0.099044 	0.262043 	0.244487 	0.273529 	0.249863 	0.248592 	0.254762 	0.274876 	0.275984 	0.233681 	0.258377 	0.226574 	0.261793 	0.236569 	0.235328 	0.230568 	0.243013 	0.259259 	0.227128 	0.255227 	0.354167 	0.338022 	0.368196 	0.419886 	0.132971 	0.175955 	0.111485 	0.039701 	0.005009 	0.087249 	0.291841 	0.297797 	0.277500 	0.322666 	0.309923 	0.471332 	0.496779 	0.498121 	0.448280 	0.431115 	0.452717 	0.473538 	0.484083 	0.140002 	0.152508 	0.110659 	0.269584 	0.275336 	0.255404 	0.242562 	0.252709 	0.226768 	0.146054 	0.194280 	0.130425 	0.168614 	0.163818 	0.183007 	0.149450 	0.122209 	0.172496 	0.041179 	0.035621 	0.043184 	0.053189 	0.044726 	0.270518 	0.312086 	0.319193 	0.285158 	0.278061 	0.230131 	0.235041 	0.226524 	0.245772 	0.298036 	0.341900 	0.327365 	0.312411 	0.261070 	0.332074 	0.275527 	0.332059 	0.300976 	0.335464 	0.282601 	0.246907 	0.223493 	0.252049 	0.258725 	0.498226 	0.507737 	
0.194684 	0.207070 	0.131319 	0.172250 	0.142720 	0.176855 	0.176602 	0.186489 	0.168842 	0.199174 	0.145958 	0.183880 	0.199056 	0.213971 	0.222841 	0.154027 	0.072143 	0.287283 	0.042363 	0.029697 	0.035908 	0.000000 	0.031568 	0.017671 	0.046284 	0.251865 	0.233450 	0.239217 	0.253834 	0.243597 	0.250207 	0.210033 	0.239236 	0.251656 	0.222682 	0.246398 	0.247065 	0.259934 	0.245828 	0.451181 	0.468651 	0.410236 	0.431203 	0.449883 	0.392057 	0.378379 	0.455831 	0.435016 	0.109942 	0.114525 	0.069001 	0.091300 	0.075649 	0.094702 	0.098325 	0.130210 	0.068138 	0.098356 	0.100327 	0.288497 	0.273523 	0.302492 	0.278459 	0.276027 	0.282795 	0.302004 	0.301061 	0.259920 	0.285184 	0.257326 	0.289734 	0.266745 	0.263479 	0.260460 	0.272574 	0.290095 	0.238709 	0.268021 	0.377215 	0.361163 	0.391111 	0.440324 	0.131468 	0.182430 	0.098197 	0.074270 	0.037521 	0.079078 	0.321789 	0.327149 	0.309945 	0.351924 	0.344030 	0.487749 	0.511730 	0.513658 	0.464832 	0.441169 	0.468007 	0.483745 	0.499439 	0.175416 	0.188416 	0.144007 	0.289786 	0.295007 	0.275114 	0.260421 	0.271255 	0.245717 	0.181363 	0.226224 	0.163262 	0.199566 	0.198692 	0.216605 	0.180349 	0.157118 	0.206999 	0.027600 	0.024128 	0.058589 	0.027410 	0.022955 	0.293525 	0.333925 	0.343790 	0.309799 	0.303033 	0.253843 	0.257899 	0.252008 	0.270262 	0.322061 	0.358919 	0.341184 	0.329917 	0.279445 	0.347921 	0.293268 	0.350025 	0.318780 	0.352440 	0.300707 	0.281872 	0.259396 	0.286591 	0.292211 	0.517873 	0.526107 	
0.173852 	0.186760 	0.127823 	0.154925 	0.137764 	0.152826 	0.155767 	0.164855 	0.145853 	0.178460 	0.128787 	0.155913 	0.176727 	0.195397 	0.199802 	0.133015 	0.094935 	0.259362 	0.073726 	0.055830 	0.006850 	0.031568 	0.000000 	0.049214 	0.018834 	0.221484 	0.204314 	0.209841 	0.222807 	0.213486 	0.219059 	0.183226 	0.211043 	0.221570 	0.192136 	0.214944 	0.216349 	0.237466 	0.221330 	0.427876 	0.446248 	0.390240 	0.413230 	0.430631 	0.372003 	0.358245 	0.437138 	0.416042 	0.106016 	0.083539 	0.062268 	0.067556 	0.060621 	0.064213 	0.080452 	0.098821 	0.067315 	0.080284 	0.093539 	0.261959 	0.245208 	0.274245 	0.250440 	0.248795 	0.255159 	0.275005 	0.275517 	0.233508 	0.258396 	0.227903 	0.262166 	0.237688 	0.235748 	0.231578 	0.243915 	0.260640 	0.223602 	0.251961 	0.353212 	0.337081 	0.367214 	0.418328 	0.137123 	0.181329 	0.113532 	0.046014 	0.011500 	0.089965 	0.292909 	0.298659 	0.279553 	0.323507 	0.312820 	0.468919 	0.494080 	0.495538 	0.445885 	0.427491 	0.450069 	0.469958 	0.481460 	0.145623 	0.157292 	0.117066 	0.267873 	0.273508 	0.253564 	0.240294 	0.250604 	0.224719 	0.149796 	0.196071 	0.132568 	0.169968 	0.167193 	0.185585 	0.150757 	0.125600 	0.175610 	0.034361 	0.028833 	0.039018 	0.046728 	0.038175 	0.269493 	0.310802 	0.318624 	0.284577 	0.277566 	0.229247 	0.233940 	0.226123 	0.245115 	0.297299 	0.339547 	0.324362 	0.310139 	0.258937 	0.329473 	0.273271 	0.329900 	0.298758 	0.333097 	0.280432 	0.252728 	0.228192 	0.255205 	0.261273 	0.496515 	0.505747 	
0.208283 	0.220377 	0.137545 	0.184454 	0.149453 	0.191887 	0.190305 	0.200475 	0.183490 	0.212697 	0.158352 	0.200431 	0.213281 	0.226462 	0.237281 	0.167962 	0.061753 	0.303683 	0.024800 	0.021215 	0.053283 	0.017671 	0.049214 	0.000000 	0.063060 	0.269235 	0.250377 	0.256230 	0.271410 	0.260876 	0.267817 	0.226082 	0.255793 	0.268923 	0.240116 	0.264068 	0.264548 	0.274016 	0.260838 	0.465368 	0.482392 	0.422877 	0.442822 	0.462110 	0.404752 	0.391133 	0.467775 	0.447124 	0.114809 	0.131792 	0.077317 	0.105788 	0.087171 	0.111787 	0.110234 	0.147685 	0.075684 	0.111870 	0.109032 	0.304314 	0.290095 	0.319015 	0.294907 	0.292151 	0.299080 	0.318003 	0.316431 	0.275721 	0.301110 	0.274346 	0.305985 	0.283618 	0.279823 	0.277268 	0.289285 	0.307110 	0.249450 	0.279089 	0.391800 	0.375801 	0.405631 	0.453897 	0.130371 	0.184250 	0.092106 	0.090679 	0.054445 	0.076887 	0.338560 	0.343757 	0.327304 	0.368488 	0.361650 	0.499724 	0.523091 	0.525252 	0.476890 	0.450607 	0.479561 	0.493175 	0.510977 	0.191984 	0.205698 	0.159302 	0.303544 	0.308562 	0.288739 	0.273435 	0.284478 	0.259177 	0.199006 	0.243524 	0.180764 	0.216690 	0.216363 	0.234184 	0.197488 	0.174787 	0.224662 	0.038178 	0.036893 	0.073847 	0.029704 	0.030493 	0.308235 	0.348158 	0.358941 	0.325015 	0.318366 	0.268878 	0.272647 	0.267598 	0.285504 	0.337056 	0.371340 	0.352400 	0.342588 	0.292579 	0.359916 	0.306127 	0.362822 	0.331591 	0.364858 	0.313678 	0.297964 	0.276707 	0.304252 	0.309757 	0.531069 	0.538805 	
0.178345 	0.191522 	0.142563 	0.162266 	0.151815 	0.154772 	0.160500 	0.168802 	0.148894 	0.182994 	0.136691 	0.153277 	0.179928 	0.201378 	0.202133 	0.137998 	0.098374 	0.256010 	0.086323 	0.064243 	0.012065 	0.046284 	0.018834 	0.063060 	0.000000 	0.214246 	0.199486 	0.204582 	0.213908 	0.206855 	0.209775 	0.181793 	0.207588 	0.214948 	0.184677 	0.204306 	0.208345 	0.240015 	0.222099 	0.428983 	0.448116 	0.394189 	0.418613 	0.435049 	0.375956 	0.362177 	0.441954 	0.420698 	0.093122 	0.069050 	0.050259 	0.048727 	0.044418 	0.048815 	0.062569 	0.085578 	0.084196 	0.089116 	0.107724 	0.260307 	0.241385 	0.270388 	0.246999 	0.246380 	0.252201 	0.272749 	0.274899 	0.232154 	0.256469 	0.222463 	0.259262 	0.232798 	0.232765 	0.226993 	0.239602 	0.255002 	0.231668 	0.259234 	0.353854 	0.337699 	0.367917 	0.420599 	0.128315 	0.168457 	0.111150 	0.028123 	0.008810 	0.085918 	0.288072 	0.294373 	0.272082 	0.319250 	0.303079 	0.473574 	0.499535 	0.500661 	0.450498 	0.435640 	0.455400 	0.477960 	0.486705 	0.129132 	0.142869 	0.098812 	0.270723 	0.276676 	0.256798 	0.244754 	0.254587 	0.228596 	0.138105 	0.189456 	0.125248 	0.164617 	0.156421 	0.176882 	0.145614 	0.114945 	0.165506 	0.053193 	0.047663 	0.050335 	0.065178 	0.056760 	0.270428 	0.312401 	0.318231 	0.284258 	0.277022 	0.229864 	0.235148 	0.225411 	0.245071 	0.297395 	0.344117 	0.330796 	0.314511 	0.262985 	0.334756 	0.277642 	0.333932 	0.302990 	0.337713 	0.284551 	0.235700 	0.213887 	0.244843 	0.252510 	0.499172 	0.509186 	
0.129236 	0.132721 	0.222669 	0.155577 	0.218422 	0.110654 	0.132472 	0.124589 	0.121098 	0.129743 	0.161089 	0.078560 	0.116781 	0.147209 	0.108545 	0.138818 	0.312428 	0.064659 	0.294022 	0.277009 	0.219483 	0.251865 	0.221484 	0.269235 	0.214246 	0.000000 	0.032516 	0.025944 	0.021281 	0.010687 	0.026342 	0.072396 	0.045518 	0.007674 	0.029598 	0.044632 	0.011038 	0.121226 	0.094923 	0.251340 	0.275383 	0.246480 	0.282772 	0.287220 	0.230943 	0.219217 	0.297452 	0.276914 	0.273620 	0.154612 	0.248326 	0.203847 	0.230520 	0.172976 	0.223724 	0.137036 	0.226003 	0.176806 	0.208963 	0.084680 	0.050524 	0.071130 	0.057840 	0.068315 	0.066046 	0.087161 	0.105049 	0.073799 	0.079406 	0.023606 	0.071268 	0.034491 	0.055498 	0.035048 	0.044409 	0.045349 	0.181155 	0.185562 	0.179785 	0.165789 	0.192607 	0.253671 	0.318674 	0.330320 	0.319638 	0.195851 	0.220624 	0.293580 	0.080156 	0.089117 	0.058083 	0.112507 	0.098028 	0.324472 	0.356361 	0.354037 	0.303074 	0.329147 	0.314855 	0.364805 	0.342430 	0.139579 	0.109149 	0.175686 	0.140354 	0.147566 	0.136989 	0.145200 	0.144467 	0.131912 	0.088500 	0.026158 	0.089081 	0.054538 	0.068994 	0.040438 	0.072900 	0.103269 	0.057747 	0.237487 	0.235699 	0.199479 	0.253267 	0.245988 	0.118778 	0.155155 	0.140259 	0.114648 	0.107262 	0.095453 	0.104034 	0.078998 	0.093994 	0.128487 	0.211561 	0.222713 	0.186823 	0.149677 	0.212316 	0.161943 	0.197642 	0.177015 	0.207044 	0.163366 	0.167611 	0.101748 	0.054352 	0.044408 	0.329798 	0.346035 	
