25 

4 

0.000000 	0.033185 	0.266460 	0.120570 	0.230125 	0.148448 	0.056930 	0.184396 	0.266825 	0.158487 	0.147358 	0.116679 	0.184858 	0.287369 	0.160130 	0.295308 	0.193020 	0.080468 	0.143620 	0.102740 	0.153775 	0.159428 	0.183424 	0.172809 	0.261663 	
0.033185 	0.000000 	0.293868 	0.089069 	0.259854 	0.131116 	0.042496 	0.161013 	0.286951 	0.172424 	0.178485 	0.087873 	0.154527 	0.312703 	0.128480 	0.273140 	0.196828 	0.055357 	0.143298 	0.071187 	0.139098 	0.138276 	0.162606 	0.145497 	0.229264 	
0.266460 	0.293868 	0.000000 	0.353729 	0.050467 	0.306835 	0.278109 	0.450417 	0.088660 	0.162054 	0.128343 	0.337720 	0.447812 	0.035858 	0.386353 	0.559891 	0.211833 	0.346782 	0.233191 	0.364064 	0.413205 	0.424556 	0.340622 	0.368575 	0.482437 	
0.120570 	0.089069 	0.353729 	0.000000 	0.327897 	0.089788 	0.078469 	0.156098 	0.326399 	0.205424 	0.253415 	0.020567 	0.115335 	0.365819 	0.039561 	0.259870 	0.201396 	0.089612 	0.147324 	0.061336 	0.166684 	0.146588 	0.101948 	0.065423 	0.141630 	
0.230125 	0.259854 	0.050467 	0.327897 	0.000000 	0.292571 	0.250066 	0.411779 	0.122393 	0.155364 	0.084802 	0.313729 	0.414342 	0.085366 	0.363034 	0.519407 	0.214255 	0.310433 	0.223370 	0.330969 	0.371413 	0.385173 	0.328910 	0.350900 	0.462422 	
0.148448 	0.131116 	0.306835 	0.089788 	0.292571 	0.000000 	0.091874 	0.245192 	0.261313 	0.145788 	0.234191 	0.070040 	0.204072 	0.311166 	0.099175 	0.349550 	0.121028 	0.162849 	0.075545 	0.145110 	0.248971 	0.233346 	0.038865 	0.064566 	0.178948 	
0.056930 	0.042496 	0.278109 	0.078469 	0.250066 	0.091874 	0.000000 	0.192269 	0.259715 	0.140683 	0.174996 	0.067618 	0.173412 	0.292784 	0.116007 	0.304111 	0.157022 	0.090298 	0.102311 	0.091867 	0.177994 	0.172503 	0.126503 	0.119315 	0.218285 	
0.184396 	0.161013 	0.450417 	0.156098 	0.411779 	0.245192 	0.192269 	0.000000 	0.447955 	0.331956 	0.327252 	0.175187 	0.063021 	0.471751 	0.165802 	0.112239 	0.346284 	0.105698 	0.290532 	0.103191 	0.057540 	0.027978 	0.256384 	0.212043 	0.210932 	
0.266825 	0.286951 	0.088660 	0.326399 	0.122393 	0.261313 	0.259715 	0.447955 	0.000000 	0.120985 	0.164216 	0.307654 	0.432933 	0.066444 	0.352882 	0.560082 	0.147921 	0.342300 	0.186060 	0.351304 	0.420498 	0.424793 	0.289297 	0.325797 	0.440223 	
0.158487 	0.172424 	0.162054 	0.205424 	0.155364 	0.145788 	0.140683 	0.331956 	0.120985 	0.000000 	0.124990 	0.186806 	0.312913 	0.165502 	0.232763 	0.444129 	0.064122 	0.227264 	0.071187 	0.232536 	0.310424 	0.310459 	0.178614 	0.209058 	0.323733 	
0.147358 	0.178485 	0.128343 	0.253415 	0.084802 	0.234191 	0.174996 	0.327252 	0.164216 	0.124990 	0.000000 	0.241662 	0.332211 	0.157032 	0.290731 	0.434605 	0.188923 	0.227043 	0.176674 	0.249580 	0.286672 	0.300508 	0.272684 	0.285775 	0.392459 	
0.116679 	0.087873 	0.337720 	0.020567 	0.313729 	0.070040 	0.067618 	0.175187 	0.307654 	0.186806 	0.241662 	0.000000 	0.135884 	0.348636 	0.049349 	0.280085 	0.180946 	0.100381 	0.127143 	0.076783 	0.182173 	0.164185 	0.086291 	0.058012 	0.150890 	
0.184858 	0.154527 	0.447812 	0.115335 	0.414342 	0.204072 	0.173412 	0.063021 	0.432933 	0.312913 	0.332211 	0.135884 	0.000000 	0.464991 	0.112934 	0.146763 	0.315951 	0.106790 	0.261025 	0.083749 	0.109516 	0.075433 	0.207852 	0.160197 	0.147968 	
0.287369 	0.312703 	0.035858 	0.365819 	0.085366 	0.311166 	0.292784 	0.471751 	0.066444 	0.165502 	0.157032 	0.348636 	0.464991 	0.000000 	0.396270 	0.582431 	0.206551 	0.366885 	0.235940 	0.381511 	0.437366 	0.446625 	0.342636 	0.374546 	0.489184 	
0.160130 	0.128480 	0.386353 	0.039561 	0.363034 	0.099175 	0.116007 	0.165802 	0.352882 	0.232763 	0.290731 	0.049349 	0.112934 	0.396270 	0.000000 	0.259467 	0.219148 	0.121891 	0.168604 	0.088613 	0.188225 	0.162756 	0.095525 	0.047267 	0.102495 	
0.295308 	0.273140 	0.559891 	0.259870 	0.519407 	0.349550 	0.304111 	0.112239 	0.560082 	0.444129 	0.434605 	0.280085 	0.146763 	0.582431 	0.259467 	0.000000 	0.456389 	0.217785 	0.400695 	0.213538 	0.148833 	0.135880 	0.354605 	0.306654 	0.268574 	
0.193020 	0.196828 	0.211833 	0.201396 	0.214255 	0.121028 	0.157022 	0.346284 	0.147921 	0.064122 	0.188923 	0.180946 	0.315951 	0.206551 	0.219148 	0.456389 	0.000000 	0.247241 	0.055756 	0.243217 	0.334953 	0.328537 	0.143445 	0.184680 	0.296916 	
0.080468 	0.055357 	0.346782 	0.089612 	0.310433 	0.162849 	0.090298 	0.105698 	0.342300 	0.227264 	0.227043 	0.100381 	0.106790 	0.366885 	0.121891 	0.217785 	0.247241 	0.000000 	0.192158 	0.035434 	0.088452 	0.083199 	0.186149 	0.154957 	0.211335 	
0.143620 	0.143298 	0.233191 	0.147324 	0.223370 	0.075545 	0.102311 	0.290532 	0.186060 	0.071187 	0.176674 	0.127143 	0.261025 	0.235940 	0.168604 	0.400695 	0.055756 	0.192158 	0.000000 	0.187462 	0.280236 	0.272969 	0.107436 	0.139814 	0.254432 	
0.102740 	0.071187 	0.364064 	0.061336 	0.330969 	0.145110 	0.091867 	0.103191 	0.351304 	0.232536 	0.249580 	0.076783 	0.083749 	0.381511 	0.088613 	0.213538 	0.243217 	0.035434 	0.187462 	0.000000 	0.105572 	0.088379 	0.162605 	0.125961 	0.175907 	
0.153775 	0.139098 	0.413205 	0.166684 	0.371413 	0.248971 	0.177994 	0.057540 	0.420498 	0.310424 	0.286672 	0.182173 	0.109516 	0.437366 	0.188225 	0.148833 	0.334953 	0.088452 	0.280236 	0.105572 	0.000000 	0.034329 	0.268174 	0.230099 	0.253406 	
0.159428 	0.138276 	0.424556 	0.146588 	0.385173 	0.233346 	0.172503 	0.027978 	0.424793 	0.310459 	0.300508 	0.164185 	0.075433 	0.446625 	0.162756 	0.135880 	0.328537 	0.083199 	0.272969 	0.088379 	0.034329 	0.000000 	0.248435 	0.207023 	0.220926 	
0.183424 	0.162606 	0.340622 	0.101948 	0.328910 	0.038865 	0.126503 	0.256384 	0.289297 	0.178614 	0.272684 	0.086291 	0.207852 	0.342636 	0.095525 	0.354605 	0.143445 	0.186149 	0.107436 	0.162605 	0.268174 	0.248435 	0.000000 	0.049561 	0.154101 	
0.172809 	0.145497 	0.368575 	0.065423 	0.350900 	0.064566 	0.119315 	0.212043 	0.325797 	0.209058 	0.285775 	0.058012 	0.160197 	0.374546 	0.047267 	0.306654 	0.184680 	0.154957 	0.139814 	0.125961 	0.230099 	0.207023 	0.049561 	0.000000 	0.114728 	
0.261663 	0.229264 	0.482437 	0.141630 	0.462422 	0.178948 	0.218285 	0.210932 	0.440223 	0.323733 	0.392459 	0.150890 	0.147968 	0.489184 	0.102495 	0.268574 	0.296916 	0.211335 	0.254432 	0.175907 	0.253406 	0.220926 	0.154101 	0.114728 	0.000000 	

78176.544734 	4813.742065 	12357.089144 	27322.011675 	15283.544294 	1875.249607 	1723.808542 	1868.576703 	1563.899374 	501.411998 	13484.938625 	6293.383234 	1381.025715 	1747.020951 	974.611398 	2709.892112 	2792.847432 	11637.746832 	6437.972953 	1834.923483 	6377.338706 	17159.820756 	324.188464 	135.350730 	56.124655 	
23831.823564 	351.744066 	701.523612 	2795.062131 	849.900756 	378.491931 	1375.633580 	300.939027 	899.904856 	1267.895708 	446.618368 	2501.044534 	825.597004 	354.010758 	48.544705 	191.106267 	329.337583 	1849.317953 	1516.656996 	2201.051831 	272.393829 	1278.898119 	7.600294 	13.272241 	2.391830 	
29496.521038 	1727.605663 	21569.701059 	37009.027881 	27353.226850 	3095.135713 	1396.680781 	1332.454317 	21987.564904 	3659.243713 	25370.092971 	4705.616769 	2291.268582 	13252.341652 	1615.486366 	1018.898569 	5691.809538 	3600.667471 	16982.373582 	1657.386928 	104.943075 	7331.389224 	931.083467 	992.648514 	142.099952 	
32178.460318 	815.452014 	19462.032750 	76647.818003 	14704.832490 	16364.002363 	1708.496390 	4032.857369 	2543.822076 	988.951711 	4394.345207 	26138.069371 	7924.532832 	2441.966706 	16091.471374 	6717.631042 	6921.362266 	14233.327486 	13973.162664 	11524.168986 	11097.027214 	25748.423076 	3975.797118 	3386.982610 	811.516362 	
41580.717921 	736.987830 	43708.721772 	47986.643049 	10266.985378 	3323.918772 	358.288172 	1765.932075 	7581.334539 	1438.146894 	11896.862197 	10598.282709 	877.034586 	4895.479825 	2840.063928 	627.191834 	2774.987388 	4032.719073 	7224.629217 	1031.485923 	109.723000 	7821.256536 	704.474925 	908.204487 	175.741560 	
5953.896526 	1651.019422 	11716.977393 	24186.485728 	10269.297154 	27389.959440 	812.765954 	739.602810 	4524.261298 	521.592593 	414.224307 	23978.946640 	1411.047537 	1146.246708 	6434.779980 	1478.069100 	3168.132026 	2330.083171 	7865.340478 	2763.865857 	5876.039632 	5916.888687 	3229.482882 	1466.484686 	535.447707 	
2685.909393 	207.137404 	581.984854 	2475.621414 	599.267049 	875.812587 	1455.601555 	659.674146 	1783.013148 	150.413511 	449.944341 	606.957465 	109.128291 	1846.541756 	339.110855 	118.954486 	94.563048 	894.441789 	1255.473465 	146.386876 	497.322099 	2121.145170 	62.459145 	976.135707 	0.060975 	
4422.618319 	50.051950 	2153.040025 	6634.390216 	1229.892585 	651.197421 	64.041126 	9177.823191 	416.749788 	62.118801 	375.527319 	1060.564506 	1238.576855 	424.766412 	358.992489 	3092.892371 	658.789171 	3877.104734 	1366.127417 	663.582636 	9563.324123 	11363.319456 	126.027073 	19.382952 	16.482193 	
1074.679901 	27.322564 	6305.473321 	2200.637974 	1195.397333 	2015.442056 	136.939512 	136.511979 	2369.680758 	676.594166 	883.330758 	297.229080 	525.778072 	4864.869042 	296.423538 	103.135929 	421.354349 	682.551290 	1817.124657 	358.168563 	11.058635 	621.877731 	113.877079 	32.953341 	0.853659 	
572.924274 	6.331707 	1730.749584 	941.272026 	623.210660 	381.174632 	103.339877 	0.651219 	249.874914 	915.611058 	172.096443 	178.744779 	52.110487 	1287.374047 	99.206413 	33.107315 	152.757168 	84.741706 	3067.875323 	24.708632 	0.847440 	203.093662 	87.736590 	10.045851 	0.317073 	
16459.648606 	644.423683 	7633.944169 	1500.233416 	5855.938628 	392.945937 	173.420325 	786.581364 	1423.926475 	1455.319676 	15555.414495 	450.053100 	92.658046 	763.736124 	42.705805 	67.393386 	161.913142 	701.616104 	627.046856 	156.827464 	62.855364 	1148.086494 	39.641461 	21.183852 	0.997975 	
10705.803501 	4531.736730 	25300.330507 	52628.166870 	7611.358925 	15607.351587 	3444.225774 	4081.409588 	9011.394778 	797.762749 	2372.408805 	13689.001246 	3992.274377 	1985.202513 	6260.018444 	3096.316868 	2899.636029 	5571.525263 	7096.257363 	6669.222412 	15725.857440 	16919.410611 	1586.483169 	538.740882 	120.189489 	
705.179301 	63.860389 	187.606830 	2031.124299 	819.436800 	966.960323 	86.728392 	1639.784251 	119.173584 	74.805462 	113.913658 	2118.138216 	4983.877195 	89.314194 	571.333417 	1723.810267 	218.697193 	1325.805075 	621.651855 	1319.986193 	2062.517118 	2359.495953 	532.467317 	1044.172294 	72.504877 	
5629.183590 	73.220976 	7101.868559 	25634.945071 	1625.692635 	565.552366 	193.078264 	193.267002 	13226.363394 	464.182117 	2350.884788 	1471.180172 	1230.956004 	11898.749170 	982.323024 	55.909318 	872.216632 	459.085296 	29838.916510 	1073.043243 	9.177316 	835.133074 	466.432927 	799.616095 	54.290244 	
1461.403003 	107.970732 	1210.234535 	10508.515151 	720.815924 	1077.942660 	92.239728 	196.264171 	203.009659 	132.954882 	457.437321 	3670.809924 	442.776513 	796.235953 	7673.640210 	160.136812 	146.923584 	780.728757 	612.746853 	849.994851 	23.082316 	1035.157173 	3987.450531 	4451.460514 	428.145341 	
1605.674537 	25.966953 	457.471908 	2537.887806 	71.705953 	49.283097 	4.457314 	1371.191166 	110.383074 	50.336586 	299.029319 	329.472489 	754.761184 	72.861291 	160.521977 	5239.620051 	84.689413 	1170.520466 	258.770045 	358.529664 	381.126318 	5316.772700 	97.384338 	26.036484 	0.256098 	
1792.136058 	51.204877 	31715.099343 	2199.667585 	3936.774246 	2134.202374 	53.759515 	191.921952 	16827.845721 	1859.519321 	1434.063660 	927.193296 	139.259518 	10649.615439 	243.450904 	303.721512 	3675.441505 	475.522631 	7279.017729 	203.555997 	258.209025 	1764.541270 	323.816905 	19.275366 	18.774780 	
13386.567499 	1720.268874 	3362.812513 	14027.094411 	3988.147656 	784.090915 	362.630287 	1623.594826 	555.586327 	123.766737 	1349.790966 	1649.705001 	1318.730838 	693.892707 	658.551203 	2789.626661 	683.772636 	23883.884827 	2410.410420 	1845.952100 	14970.388807 	12322.906076 	134.056684 	54.333609 	13.607685 	
6379.653703 	424.020681 	6659.493487 	11532.967582 	10531.117390 	5248.240940 	2244.206406 	301.809972 	3428.351217 	12323.413809 	1629.803807 	4409.922631 	949.637607 	3135.536562 	630.034442 	444.045263 	13429.221366 	1975.185733 	38205.698342 	3048.688703 	374.003293 	2429.721850 	1958.948709 	1147.715729 	20.591877 	
17735.797951 	705.713731 	1019.835858 	18975.344931 	679.218829 	537.367614 	815.679510 	1759.070315 	352.640561 	333.550047 	2107.387713 	4945.883521 	4678.645702 	480.890245 	690.208783 	2323.937709 	148.069854 	5979.222687 	6580.263973 	5936.694706 	1154.879537 	10218.297681 	805.393683 	141.506172 	9.514633 	
23518.622369 	542.641757 	1092.763827 	70392.079806 	210.586513 	734.435243 	149.181147 	15564.704901 	55.061388 	79.775563 	204.557947 	7143.619588 	3740.132175 	47.166976 	1626.550346 	3141.932829 	470.610192 	33079.761415 	1643.068929 	4716.917466 	53.754877 	135689.833659 	482.514024 	342.601318 	41.809000 	
27940.017475 	1787.967566 	10413.295632 	38309.859039 	3593.617783 	3160.734690 	343.781050 	16992.430803 	746.943411 	155.838293 	1826.227556 	7031.052060 	6183.775299 	1756.228609 	2718.677196 	19364.476914 	1753.282881 	36448.466263 	4892.534685 	7083.189587 	33275.958320 	63090.409643 	1891.952370 	1904.929831 	69.524658 	
550.893341 	47.591221 	3126.532194 	7578.315658 	1167.858488 	1659.187946 	224.576220 	848.313268 	383.541030 	137.065903 	434.960757 	1220.921639 	130.761462 	545.169073 	2649.963366 	90.268851 	521.347632 	335.941564 	1009.265799 	1704.308046 	66.690658 	911.946561 	8138.463273 	10863.701222 	28.031731 	
339.677002 	1.987806 	756.736167 	7916.080486 	743.347196 	362.818027 	632.778174 	23.619121 	121.755246 	135.126537 	106.245633 	289.339757 	141.228510 	800.382270 	2483.620339 	61.486854 	57.230292 	302.810658 	677.019216 	1446.826293 	105.149635 	245.449735 	3734.587972 	20335.433390 	9.124683 	
2.158536 	0.000000 	135.211219 	429.862927 	99.025123 	12.378049 	0.000000 	0.365854 	0.060976 	0.000000 	0.500000 	22.902440 	0.000000 	175.511950 	165.304120 	0.085366 	0.868293 	0.451220 	0.000000 	0.170732 	0.000000 	2.487805 	24.329268 	6.390243 	0.334146 	


12006.209052 	15562.954269 	19119.699259 	22676.444249 	
12006.209052 	15562.954269 	19119.699259 	22676.444249 	
11924.167519 	15456.608576 	18989.049407 	22521.490238 	
12015.761507 	15575.336564 	19134.911394 	22694.486223 	
11944.737456 	15483.272195 	19021.806709 	22560.341222 	
12028.911021 	15592.381518 	19155.851788 	22719.322058 	
12028.911021 	15592.381518 	19155.851788 	22719.322058 	
12003.957913 	15560.036247 	19116.114355 	22672.192462 	
11954.956916 	15496.519089 	19038.081037 	22579.642985 	
11954.956916 	15496.519089 	19038.081037 	22579.642985 	
12011.938143 	15570.380558 	19128.822746 	22687.264934 	
12015.761507 	15575.336564 	19134.911394 	22694.486223 	
11962.937146 	15506.863400 	19050.789428 	22594.715457 	
11910.791700 	15439.270275 	18967.748625 	22496.226975 	
11935.518504 	15471.322200 	19007.125671 	22542.929142 	
12021.490598 	15582.762853 	19144.034881 	22705.306909 	
11914.948566 	15444.658580 	18974.368369 	22504.078158 	
11953.944498 	15495.206751 	19036.468778 	22577.730805 	
11968.332735 	15513.857390 	19059.381819 	22604.906248 	
11993.738453 	15546.789353 	19099.840026 	22652.890700 	
11977.885190 	15526.239684 	19074.593953 	22622.948222 	
11977.885190 	15526.239684 	19074.593953 	22622.948222 	
11978.123405 	15526.548470 	19074.973308 	22623.398146 	
11978.123405 	15526.548470 	19074.973308 	22623.398146 	
11978.123405 	15526.548470 	19074.973308 	22623.398146 	

1.00
0.75
1.00
1.50

4.903118e-06 	3.344917e-06 	2.891826e-06 	2.719024e-06 	
8.203541e-06 	5.749927e-06 	5.058530e-06 	4.815373e-06 	
4.728801e-06 	3.217893e-06 	2.777388e-06 	2.608301e-06 	
7.254100e-06 	5.058072e-06 	4.435229e-06 	4.212311e-06 	
8.348834e-06 	5.855802e-06 	5.153914e-06 	4.907660e-06 	
7.322222e-06 	5.107712e-06 	4.479950e-06 	4.255580e-06 	
4.778654e-06 	3.254221e-06 	2.810116e-06 	2.639967e-06 	
4.628069e-06 	3.144490e-06 	2.711258e-06 	2.544319e-06 	
4.508044e-06 	3.057028e-06 	2.632462e-06 	2.468082e-06 	
7.447539e-06 	5.199030e-06 	4.562220e-06 	4.335179e-06 	
6.162097e-06 	4.262332e-06 	3.718336e-06 	3.518697e-06 	
3.206211e-06 	2.108386e-06 	1.777818e-06 	1.641189e-06 	
6.641171e-06 	4.611432e-06 	4.032845e-06 	3.822993e-06 	
3.578578e-06 	2.379729e-06 	2.022275e-06 	1.877708e-06 	
8.408249e-06 	5.899097e-06 	5.192919e-06 	4.945398e-06 	
7.975785e-06 	5.583961e-06 	4.909010e-06 	4.670707e-06 	
8.364713e-06 	5.867372e-06 	5.164338e-06 	4.917745e-06 	
8.325103e-06 	5.838508e-06 	5.138334e-06 	4.892586e-06 	
5.902413e-06 	4.073101e-06 	3.547856e-06 	3.353752e-06 	
4.197653e-06 	2.830847e-06 	2.428693e-06 	2.270929e-06 	
3.384285e-06 	2.238148e-06 	1.894723e-06 	1.754298e-06 	
5.730657e-06 	3.947943e-06 	3.435099e-06 	3.244656e-06 	
3.073211e-06 	2.011469e-06 	1.690505e-06 	1.556711e-06 	
4.588459e-06 	3.115626e-06 	2.685254e-06 	2.519160e-06 	
7.327173e-06 	5.111320e-06 	4.483201e-06 	4.258725e-06 	

7.927054e-06 	5.873684e-06 	5.330368e-06 	5.173057e-06 	
8.818553e-06 	6.580262e-06 	5.995008e-06 	5.832693e-06 	
3.293466e-06 	2.201228e-06 	1.875887e-06 	1.744591e-06 	
4.086075e-06 	2.829429e-06 	2.466802e-06 	2.331056e-06 	
3.953797e-06 	2.724589e-06 	2.368184e-06 	2.233181e-06 	
3.118653e-06 	2.062677e-06 	1.745559e-06 	1.615245e-06 	
5.083909e-06 	3.620285e-06 	3.210717e-06 	3.069369e-06 	
4.413795e-06 	3.089171e-06 	2.711127e-06 	2.573541e-06 	
8.014672e-06 	5.943128e-06 	5.395690e-06 	5.237888e-06 	
7.311170e-06 	5.385551e-06 	4.871208e-06 	4.717355e-06 	
4.568404e-06 	3.211710e-06 	2.826392e-06 	2.687939e-06 	
8.655438e-06 	6.450981e-06 	5.873400e-06 	5.712001e-06 	
7.985324e-06 	5.919867e-06 	5.373810e-06 	5.216173e-06 	
7.608691e-06 	5.621358e-06 	5.093019e-06 	4.937496e-06 	
3.913603e-06 	2.692732e-06 	2.338218e-06 	2.203440e-06 	
8.818128e-06 	6.579925e-06 	5.994691e-06 	5.832378e-06 	
5.045416e-06 	3.589776e-06 	3.182019e-06 	3.040888e-06 	
3.683710e-06 	2.510525e-06 	2.166826e-06 	2.033339e-06 	
6.217636e-06 	4.518846e-06 	4.055945e-06 	3.908232e-06 	
3.550155e-06 	2.404673e-06 	2.067256e-06 	1.934520e-06 	
9.622009e-06 	7.217059e-06 	6.594008e-06 	6.427183e-06 	
7.008970e-06 	5.146036e-06 	4.645909e-06 	4.493753e-06 	
7.534683e-06 	5.562701e-06 	5.037843e-06 	4.882736e-06 	
3.012958e-06 	1.978906e-06 	1.666760e-06 	1.537039e-06 	
8.588235e-06 	6.397718e-06 	5.823298e-06 	5.662276e-06 	

