40 

4 

0.000000 	0.107702 	0.033185 	0.266460 	0.120570 	0.230125 	0.173852 	0.207917 	0.148448 	0.056930 	0.160350 	0.216388 	0.184396 	0.158487 	0.215527 	0.164354 	0.139847 	0.096450 	0.114120 	0.115254 	0.116679 	0.184858 	0.245671 	0.306025 	0.287369 	0.160130 	0.175869 	0.295308 	0.193020 	0.205688 	0.080468 	0.143620 	0.105901 	0.178366 	0.102740 	0.153775 	0.136339 	0.159428 	0.205066 	0.171031 	
0.107702 	0.000000 	0.140780 	0.199100 	0.227338 	0.152273 	0.127823 	0.142976 	0.234934 	0.154510 	0.241119 	0.300291 	0.269880 	0.168294 	0.186980 	0.160610 	0.063241 	0.066772 	0.221071 	0.213661 	0.220923 	0.285022 	0.336819 	0.261856 	0.228965 	0.266785 	0.283388 	0.372664 	0.226767 	0.218119 	0.178330 	0.197226 	0.159648 	0.108842 	0.207185 	0.223832 	0.222159 	0.242197 	0.284090 	0.266954 	
0.033185 	0.140780 	0.000000 	0.293868 	0.089069 	0.259854 	0.199802 	0.235992 	0.131116 	0.042496 	0.145609 	0.192905 	0.161013 	0.172424 	0.236167 	0.181599 	0.171347 	0.125733 	0.082454 	0.091640 	0.087873 	0.154527 	0.218611 	0.327949 	0.312703 	0.128480 	0.143247 	0.273140 	0.196828 	0.215844 	0.055357 	0.143298 	0.110167 	0.207896 	0.071187 	0.139098 	0.114790 	0.138276 	0.189309 	0.147002 	
0.266460 	0.199100 	0.293868 	0.000000 	0.353729 	0.050467 	0.094935 	0.058959 	0.306835 	0.278109 	0.300006 	0.482300 	0.450417 	0.162054 	0.092759 	0.141847 	0.137419 	0.170356 	0.349696 	0.316831 	0.337720 	0.447812 	0.511931 	0.082803 	0.035858 	0.386353 	0.408933 	0.559891 	0.211833 	0.172046 	0.346782 	0.233191 	0.223547 	0.091802 	0.364064 	0.413205 	0.401987 	0.424556 	0.325215 	0.349830 	
0.120570 	0.227338 	0.089069 	0.353729 	0.000000 	0.327897 	0.259362 	0.299698 	0.089788 	0.078469 	0.108368 	0.182366 	0.156098 	0.205424 	0.279732 	0.221311 	0.247714 	0.198443 	0.006740 	0.046959 	0.020567 	0.115335 	0.189216 	0.370754 	0.365819 	0.039561 	0.057454 	0.259870 	0.201396 	0.234368 	0.089612 	0.147324 	0.135009 	0.276908 	0.061336 	0.166684 	0.128452 	0.146588 	0.140471 	0.078093 	
0.230125 	0.152273 	0.259854 	0.050467 	0.327897 	0.000000 	0.073726 	0.033039 	0.292571 	0.250066 	0.288670 	0.443367 	0.411779 	0.155364 	0.103995 	0.135118 	0.093511 	0.134128 	0.323208 	0.295360 	0.313729 	0.414342 	0.475360 	0.129289 	0.085366 	0.363034 	0.384605 	0.519407 	0.214255 	0.179797 	0.310433 	0.223370 	0.205562 	0.051970 	0.330969 	0.371413 	0.363208 	0.385173 	0.319514 	0.334547 	
0.173852 	0.127823 	0.199802 	0.094935 	0.259362 	0.073726 	0.000000 	0.041724 	0.219059 	0.183226 	0.214944 	0.390240 	0.358245 	0.083539 	0.060621 	0.064213 	0.067315 	0.080284 	0.255159 	0.224089 	0.243915 	0.353212 	0.418328 	0.137123 	0.113532 	0.292909 	0.315130 	0.468919 	0.145623 	0.117066 	0.253564 	0.149796 	0.132568 	0.038175 	0.269493 	0.324362 	0.310139 	0.333097 	0.246301 	0.261273 	
0.207917 	0.142976 	0.235992 	0.058959 	0.299698 	0.033039 	0.041724 	0.000000 	0.260720 	0.222691 	0.256308 	0.423468 	0.391615 	0.122335 	0.075078 	0.102079 	0.080071 	0.111596 	0.295288 	0.265419 	0.284744 	0.390325 	0.453549 	0.121512 	0.086027 	0.333888 	0.355882 	0.500943 	0.181485 	0.147973 	0.288340 	0.190682 	0.174280 	0.034144 	0.306618 	0.354286 	0.343149 	0.365661 	0.286605 	0.302988 	
0.148448 	0.234934 	0.131116 	0.306835 	0.089788 	0.292571 	0.219059 	0.260720 	0.000000 	0.091874 	0.018584 	0.272086 	0.245192 	0.145788 	0.221144 	0.165360 	0.231409 	0.183545 	0.091754 	0.046619 	0.070040 	0.204072 	0.277837 	0.306483 	0.311166 	0.099175 	0.122424 	0.349550 	0.121028 	0.159878 	0.162849 	0.075545 	0.087769 	0.246712 	0.145110 	0.248971 	0.213165 	0.233346 	0.058332 	0.043138 	
0.056930 	0.154510 	0.042496 	0.278109 	0.078469 	0.250066 	0.183226 	0.222691 	0.091874 	0.000000 	0.104845 	0.223359 	0.192269 	0.140683 	0.210410 	0.153096 	0.169437 	0.120020 	0.073362 	0.059796 	0.067618 	0.173412 	0.243244 	0.302605 	0.292784 	0.116007 	0.135856 	0.304111 	0.157022 	0.179798 	0.090298 	0.102311 	0.072900 	0.198772 	0.091867 	0.177994 	0.149388 	0.172503 	0.149248 	0.114971 	
0.160350 	0.241119 	0.145609 	0.300006 	0.108368 	0.288670 	0.214944 	0.256308 	0.018584 	0.104845 	0.000000 	0.290670 	0.263728 	0.138020 	0.212169 	0.158161 	0.232716 	0.186256 	0.110321 	0.064748 	0.088607 	0.222490 	0.296205 	0.295213 	0.302361 	0.116292 	0.139174 	0.368095 	0.106596 	0.146955 	0.180059 	0.066833 	0.087285 	0.244599 	0.163339 	0.266742 	0.231280 	0.251650 	0.044769 	0.054433 	
0.216388 	0.300291 	0.192905 	0.482300 	0.182366 	0.443367 	0.390240 	0.423468 	0.272086 	0.223359 	0.290670 	0.000000 	0.032015 	0.363424 	0.429072 	0.374029 	0.350322 	0.311947 	0.180439 	0.227276 	0.202124 	0.076273 	0.045589 	0.520788 	0.503751 	0.187300 	0.173584 	0.080754 	0.376217 	0.402795 	0.137635 	0.320475 	0.296102 	0.392506 	0.133069 	0.081185 	0.080320 	0.058327 	0.321081 	0.254866 	
0.184396 	0.269880 	0.161013 	0.450417 	0.156098 	0.411779 	0.358245 	0.391615 	0.245192 	0.192269 	0.263728 	0.032015 	0.000000 	0.331956 	0.397167 	0.342305 	0.318884 	0.280061 	0.153496 	0.199578 	0.175187 	0.063021 	0.068660 	0.488833 	0.471751 	0.165802 	0.155077 	0.112239 	0.346284 	0.371958 	0.105698 	0.290532 	0.265129 	0.360793 	0.103191 	0.057540 	0.048571 	0.027978 	0.296185 	0.231100 	
0.158487 	0.168294 	0.172424 	0.162054 	0.205424 	0.155364 	0.083539 	0.122335 	0.145788 	0.140683 	0.138020 	0.363424 	0.331956 	0.000000 	0.075915 	0.020522 	0.127483 	0.101780 	0.202856 	0.162784 	0.186806 	0.312913 	0.383784 	0.165409 	0.165502 	0.232763 	0.256274 	0.444129 	0.064122 	0.050870 	0.227264 	0.071187 	0.070606 	0.119428 	0.232536 	0.310424 	0.287000 	0.310459 	0.164732 	0.188926 	
0.215527 	0.186980 	0.236167 	0.092759 	0.279732 	0.103995 	0.060621 	0.075078 	0.221144 	0.210410 	0.212169 	0.429072 	0.397167 	0.075915 	0.000000 	0.058429 	0.127861 	0.131703 	0.276740 	0.238239 	0.261681 	0.383821 	0.452866 	0.092235 	0.090192 	0.308331 	0.331737 	0.509204 	0.119175 	0.079503 	0.291472 	0.145798 	0.144871 	0.093925 	0.301540 	0.369167 	0.350343 	0.373755 	0.233998 	0.264237 	
0.164354 	0.160610 	0.181599 	0.141847 	0.221311 	0.135118 	0.064213 	0.102079 	0.165360 	0.153096 	0.158161 	0.374029 	0.342305 	0.020522 	0.058429 	0.000000 	0.114113 	0.095753 	0.218360 	0.180003 	0.203270 	0.326347 	0.396200 	0.149936 	0.146662 	0.250124 	0.273461 	0.454536 	0.081560 	0.058678 	0.236895 	0.091362 	0.086455 	0.101131 	0.244739 	0.317770 	0.296367 	0.319851 	0.185244 	0.208469 	
0.139847 	0.063241 	0.171347 	0.137419 	0.247714 	0.093511 	0.067315 	0.080071 	0.231409 	0.169437 	0.232716 	0.350322 	0.318884 	0.127483 	0.127861 	0.114113 	0.000000 	0.049759 	0.242279 	0.222491 	0.236469 	0.324682 	0.383328 	0.198732 	0.166087 	0.285370 	0.305167 	0.425954 	0.191033 	0.172651 	0.219198 	0.176108 	0.145493 	0.045972 	0.242319 	0.277903 	0.270345 	0.292050 	0.271379 	0.269661 	
0.096450 	0.066772 	0.125733 	0.170356 	0.198443 	0.134128 	0.080284 	0.111596 	0.183545 	0.120020 	0.186256 	0.311947 	0.280061 	0.101780 	0.131703 	0.095753 	0.049759 	0.000000 	0.193147 	0.172793 	0.186802 	0.280215 	0.342117 	0.216748 	0.193076 	0.235803 	0.255867 	0.389816 	0.160203 	0.152060 	0.176918 	0.134621 	0.100058 	0.082187 	0.196877 	0.244306 	0.231638 	0.254275 	0.226749 	0.220738 	
0.114120 	0.221071 	0.082454 	0.349696 	0.006740 	0.323208 	0.255159 	0.295288 	0.091754 	0.073362 	0.110321 	0.180439 	0.153496 	0.202856 	0.276740 	0.218360 	0.242279 	0.193147 	0.000000 	0.047278 	0.021714 	0.115154 	0.188903 	0.368029 	0.362312 	0.046060 	0.063063 	0.258592 	0.200904 	0.233024 	0.083579 	0.146343 	0.132296 	0.272065 	0.056512 	0.162070 	0.124220 	0.142945 	0.143928 	0.082886 	
0.115254 	0.213661 	0.091640 	0.316831 	0.046959 	0.295360 	0.224089 	0.265419 	0.046619 	0.059796 	0.064748 	0.227276 	0.199578 	0.162784 	0.238239 	0.180003 	0.222491 	0.172793 	0.047278 	0.000000 	0.026415 	0.162186 	0.236027 	0.328013 	0.326184 	0.070125 	0.093508 	0.305800 	0.154568 	0.188469 	0.116922 	0.101081 	0.093904 	0.245967 	0.098591 	0.202412 	0.166568 	0.186919 	0.103140 	0.055845 	
0.116679 	0.220923 	0.087873 	0.337720 	0.020567 	0.313729 	0.243915 	0.284744 	0.070040 	0.067618 	0.088607 	0.202124 	0.175187 	0.186806 	0.261681 	0.203270 	0.236469 	0.186802 	0.021714 	0.026415 	0.000000 	0.135884 	0.209757 	0.352214 	0.348636 	0.049349 	0.071233 	0.280085 	0.180946 	0.214374 	0.100381 	0.127143 	0.116815 	0.263327 	0.076783 	0.182173 	0.144927 	0.164185 	0.122897 	0.064587 	
0.184858 	0.285022 	0.154527 	0.447812 	0.115335 	0.414342 	0.353212 	0.390325 	0.204072 	0.173412 	0.222490 	0.076273 	0.063021 	0.312913 	0.383821 	0.326347 	0.324682 	0.280215 	0.115154 	0.162186 	0.135884 	0.000000 	0.073892 	0.476010 	0.464991 	0.112934 	0.097602 	0.146763 	0.315951 	0.346870 	0.106790 	0.261025 	0.242814 	0.362398 	0.083749 	0.109516 	0.078051 	0.075433 	0.249073 	0.181976 	
0.245671 	0.336819 	0.218611 	0.511931 	0.189216 	0.475360 	0.418328 	0.453549 	0.277837 	0.243244 	0.296205 	0.045589 	0.068660 	0.383784 	0.452866 	0.396200 	0.383328 	0.342117 	0.188903 	0.236027 	0.209757 	0.073892 	0.000000 	0.545070 	0.531310 	0.184450 	0.166269 	0.077070 	0.389452 	0.419505 	0.165213 	0.334290 	0.314364 	0.423835 	0.151461 	0.124548 	0.114722 	0.096511 	0.321419 	0.254084 	
0.306025 	0.261856 	0.327949 	0.082803 	0.370754 	0.129289 	0.137123 	0.121512 	0.306483 	0.302605 	0.295213 	0.520788 	0.488833 	0.165409 	0.092235 	0.149936 	0.198732 	0.216748 	0.368029 	0.328013 	0.352214 	0.476010 	0.545070 	0.000000 	0.048221 	0.397784 	0.421398 	0.600692 	0.192216 	0.149644 	0.383153 	0.231224 	0.235762 	0.154420 	0.393771 	0.459007 	0.441667 	0.465005 	0.309701 	0.348980 	
0.287369 	0.228965 	0.312703 	0.035858 	0.365819 	0.085366 	0.113532 	0.086027 	0.311166 	0.292784 	0.302361 	0.503751 	0.471751 	0.165502 	0.090192 	0.146662 	0.166087 	0.193076 	0.362312 	0.326184 	0.348636 	0.464991 	0.531310 	0.048221 	0.000000 	0.396270 	0.419401 	0.582431 	0.206551 	0.164563 	0.366885 	0.235940 	0.232289 	0.120169 	0.381511 	0.437366 	0.423670 	0.446625 	0.323159 	0.354288 	
0.160130 	0.266785 	0.128480 	0.386353 	0.039561 	0.363034 	0.292909 	0.333888 	0.099175 	0.116007 	0.116292 	0.187300 	0.165802 	0.232763 	0.308331 	0.250124 	0.285370 	0.235803 	0.046060 	0.070125 	0.049349 	0.112934 	0.184450 	0.397784 	0.396270 	0.000000 	0.023767 	0.259467 	0.219148 	0.255841 	0.121891 	0.168604 	0.163982 	0.312676 	0.088613 	0.188225 	0.148703 	0.162756 	0.137037 	0.069682 	
0.175869 	0.283388 	0.143247 	0.408933 	0.057454 	0.384605 	0.315130 	0.355882 	0.122424 	0.135856 	0.139174 	0.173584 	0.155077 	0.256274 	0.331737 	0.273461 	0.305167 	0.255867 	0.063063 	0.093508 	0.071233 	0.097602 	0.166269 	0.421398 	0.419401 	0.023767 	0.000000 	0.242413 	0.242749 	0.279597 	0.127780 	0.192371 	0.187174 	0.333887 	0.092653 	0.184219 	0.144844 	0.155893 	0.157039 	0.090155 	
0.295308 	0.372664 	0.273140 	0.559891 	0.259870 	0.519407 	0.468919 	0.500943 	0.349550 	0.304111 	0.368095 	0.080754 	0.112239 	0.444129 	0.509204 	0.454536 	0.425954 	0.389816 	0.258592 	0.305800 	0.280085 	0.146763 	0.077070 	0.600692 	0.582431 	0.259467 	0.242413 	0.000000 	0.456389 	0.483477 	0.217785 	0.400695 	0.376833 	0.469248 	0.213538 	0.148833 	0.159077 	0.135880 	0.395832 	0.328724 	
0.193020 	0.226767 	0.196828 	0.211833 	0.201396 	0.214255 	0.145623 	0.181485 	0.121028 	0.157022 	0.106596 	0.376217 	0.346284 	0.064122 	0.119175 	0.081560 	0.191033 	0.160203 	0.200904 	0.154568 	0.180946 	0.315951 	0.389452 	0.192216 	0.206551 	0.219148 	0.242749 	0.456389 	0.000000 	0.042700 	0.247241 	0.055756 	0.087480 	0.182672 	0.243217 	0.334953 	0.305772 	0.328537 	0.117642 	0.161002 	
0.205688 	0.218119 	0.215844 	0.172046 	0.234368 	0.179797 	0.117066 	0.147973 	0.159878 	0.179798 	0.146955 	0.402795 	0.371958 	0.050870 	0.079503 	0.058678 	0.172651 	0.152060 	0.233024 	0.188469 	0.214374 	0.346870 	0.419505 	0.149644 	0.164563 	0.255841 	0.279597 	0.483477 	0.042700 	0.000000 	0.269294 	0.087463 	0.106903 	0.155229 	0.270086 	0.354901 	0.328881 	0.352139 	0.160342 	0.201283 	
0.080468 	0.178330 	0.055357 	0.346782 	0.089612 	0.310433 	0.253564 	0.288340 	0.162849 	0.090298 	0.180059 	0.137635 	0.105698 	0.227264 	0.291472 	0.236895 	0.219198 	0.176918 	0.083579 	0.116922 	0.100381 	0.106790 	0.165213 	0.383153 	0.366885 	0.121891 	0.127780 	0.217785 	0.247241 	0.269294 	0.000000 	0.192158 	0.162597 	0.258764 	0.035434 	0.088452 	0.059760 	0.083199 	0.220061 	0.164938 	
0.143620 	0.197226 	0.143298 	0.233191 	0.147324 	0.223370 	0.149796 	0.190682 	0.075545 	0.102311 	0.066833 	0.320475 	0.290532 	0.071187 	0.145798 	0.091362 	0.176108 	0.134621 	0.146343 	0.101081 	0.127143 	0.261025 	0.334290 	0.231224 	0.235940 	0.168604 	0.192371 	0.400695 	0.055756 	0.087463 	0.192158 	0.000000 	0.039681 	0.181621 	0.187462 	0.280236 	0.250311 	0.272969 	0.097100 	0.118522 	
0.105901 	0.159648 	0.110167 	0.223547 	0.135009 	0.205562 	0.132568 	0.174280 	0.087769 	0.072900 	0.087285 	0.296102 	0.265129 	0.070606 	0.144871 	0.086455 	0.145493 	0.100058 	0.132296 	0.093904 	0.116815 	0.242814 	0.314364 	0.235762 	0.232289 	0.163982 	0.187174 	0.376833 	0.087480 	0.106903 	0.162597 	0.039681 	0.000000 	0.158968 	0.163798 	0.249100 	0.222064 	0.245278 	0.126696 	0.129047 	
0.178366 	0.108842 	0.207896 	0.091802 	0.276908 	0.051970 	0.038175 	0.034144 	0.246712 	0.198772 	0.244599 	0.392506 	0.360793 	0.119428 	0.093925 	0.101131 	0.045972 	0.082187 	0.272065 	0.245967 	0.263327 	0.362398 	0.423835 	0.154420 	0.120169 	0.312676 	0.333887 	0.469248 	0.182672 	0.155229 	0.258764 	0.181621 	0.158968 	0.000000 	0.279001 	0.321913 	0.312237 	0.334448 	0.278715 	0.287739 	
0.102740 	0.207185 	0.071187 	0.364064 	0.061336 	0.330969 	0.269493 	0.306618 	0.145110 	0.091867 	0.163339 	0.133069 	0.103191 	0.232536 	0.301540 	0.244739 	0.242319 	0.196877 	0.056512 	0.098591 	0.076783 	0.083749 	0.151461 	0.393771 	0.381511 	0.088613 	0.092653 	0.213538 	0.243217 	0.270086 	0.035434 	0.187462 	0.163798 	0.279001 	0.000000 	0.105572 	0.068215 	0.088379 	0.199644 	0.139331 	
0.153775 	0.223832 	0.139098 	0.413205 	0.166684 	0.371413 	0.324362 	0.354286 	0.248971 	0.177994 	0.266742 	0.081185 	0.057540 	0.310424 	0.369167 	0.317770 	0.277903 	0.244306 	0.162070 	0.202412 	0.182173 	0.109516 	0.124548 	0.459007 	0.437366 	0.188225 	0.184219 	0.148833 	0.334953 	0.354901 	0.088452 	0.280236 	0.249100 	0.321913 	0.105572 	0.000000 	0.039562 	0.034329 	0.304760 	0.244775 	
0.136339 	0.222159 	0.114790 	0.401987 	0.128452 	0.363208 	0.310139 	0.343149 	0.213165 	0.149388 	0.231280 	0.080320 	0.048571 	0.287000 	0.350343 	0.296367 	0.270345 	0.231638 	0.124220 	0.166568 	0.144927 	0.078051 	0.114722 	0.441667 	0.423670 	0.148703 	0.144844 	0.159077 	0.305772 	0.328881 	0.059760 	0.250311 	0.222064 	0.312237 	0.068215 	0.039562 	0.000000 	0.023486 	0.267821 	0.206451 	
0.159428 	0.242197 	0.138276 	0.424556 	0.146588 	0.385173 	0.333097 	0.365661 	0.233346 	0.172503 	0.251650 	0.058327 	0.027978 	0.310459 	0.373755 	0.319851 	0.292050 	0.254275 	0.142945 	0.186919 	0.164185 	0.075433 	0.096511 	0.465005 	0.446625 	0.162756 	0.155893 	0.135880 	0.328537 	0.352139 	0.083199 	0.272969 	0.245278 	0.334448 	0.088379 	0.034329 	0.023486 	0.000000 	0.286871 	0.223938 	
0.205066 	0.284090 	0.189309 	0.325215 	0.140471 	0.319514 	0.246301 	0.286605 	0.058332 	0.149248 	0.044769 	0.321081 	0.296185 	0.164732 	0.233998 	0.185244 	0.271379 	0.226749 	0.143928 	0.103140 	0.122897 	0.249073 	0.321419 	0.309701 	0.323159 	0.137037 	0.157039 	0.395832 	0.117642 	0.160342 	0.220061 	0.097100 	0.126696 	0.278715 	0.199644 	0.304760 	0.267821 	0.286871 	0.000000 	0.067356 	
0.171031 	0.266954 	0.147002 	0.349830 	0.078093 	0.334547 	0.261273 	0.302988 	0.043138 	0.114971 	0.054433 	0.254866 	0.231100 	0.188926 	0.264237 	0.208469 	0.269661 	0.220738 	0.082886 	0.055845 	0.064587 	0.181976 	0.254084 	0.348980 	0.354288 	0.069682 	0.090155 	0.328724 	0.161002 	0.201283 	0.164938 	0.118522 	0.129047 	0.287739 	0.139331 	0.244775 	0.206451 	0.223938 	0.067356 	0.000000 	

76933.288967 	5335.746003 	4445.454506 	12329.674509 	21113.704759 	15134.866881 	346.266656 	54.413925 	1629.091899 	1123.010319 	8.205297 	411.112266 	1293.163803 	271.821857 	224.852004 	42.845635 	4556.589907 	2530.209453 	6552.829380 	356.298627 	6134.264505 	1094.250274 	488.205390 	1350.325198 	1744.606317 	926.590782 	149.925834 	2671.124406 	2656.533876 	39.827168 	11283.054541 	5987.958198 	1036.061564 	1933.959333 	1833.411288 	6350.976876 	1882.601733 	15595.395120 	140.781924 	365.082171 	
2950.370349 	242.364051 	5.623170 	380.949074 	192.116342 	116.166097 	3.017073 	2.814633 	13.831707 	3.458537 	0.000000 	0.024390 	5.141463 	0.859512 	2.097561 	0.024390 	123.371637 	15.372685 	5.333218 	0.573171 	26.758150 	0.048780 	0.853659 	7.841464 	444.359367 	2.660977 	0.853659 	0.597560 	0.012195 	0.000000 	185.922318 	14.416098 	2.146366 	25.153659 	78.424389 	11.964438 	6.329269 	270.306049 	0.414634 	1.156096 	
22805.189686 	121.360297 	337.786114 	695.707758 	1126.600710 	820.869364 	109.587001 	26.748099 	223.271369 	1059.850653 	0.024390 	21.451270 	44.663097 	965.308905 	119.262147 	240.274413 	164.739780 	860.501949 	1663.097492 	33.891050 	1305.181512 	160.835883 	901.785833 	806.365636 	352.279050 	40.466656 	10.440611 	182.852559 	323.859631 	2.512195 	1841.830149 	1013.262219 	782.943951 	48.450511 	2188.951343 	272.393829 	252.892707 	967.540047 	4.063318 	19.043268 	
29051.157816 	2989.494510 	1720.737980 	21502.474278 	22304.566171 	25735.773922 	2630.626996 	1581.133661 	1855.299494 	1352.057076 	102.723855 	328.100197 	775.878000 	1952.032806 	4832.968785 	570.026610 	11253.514585 	2107.341983 	14749.847199 	2142.434517 	3674.774860 	1708.306485 	842.139440 	17778.973877 	13252.073361 	1339.838415 	489.883977 	998.133933 	5259.338028 	329.562438 	3365.811252 	16030.615997 	989.621048 	7447.172172 	1651.910098 	100.065026 	1181.394393 	6384.851050 	347.756756 	1601.416515 	
22091.127969 	355.690465 	385.995023 	13367.717878 	12995.703882 	9775.934564 	135.888270 	29.634876 	10809.301948 	987.961171 	158.255002 	739.294344 	1171.902879 	454.852683 	170.082852 	47.793027 	1176.538272 	208.268414 	16194.653429 	4948.157025 	16861.336807 	3860.836414 	2237.035437 	1471.861634 	1444.137682 	8206.367217 	1780.020516 	4623.833482 	4176.515319 	38.213196 	9562.761558 	8893.509417 	898.590636 	915.949293 	7303.463752 	6617.220705 	1027.073609 	16223.519901 	1248.523782 	3392.520732 	
41268.245796 	1255.128561 	735.304904 	43284.819655 	33311.812657 	6618.040314 	956.283489 	1096.273264 	2818.321510 	242.236071 	68.944975 	348.543585 	1295.127147 	591.690146 	3477.273144 	274.443829 	4318.152975 	1287.727367 	14743.502586 	877.316999 	10053.851242 	722.034879 	277.356196 	3917.733539 	4532.233485 	2243.571368 	824.666803 	618.494249 	2468.283536 	56.900781 	3913.957585 	5348.421316 	1921.379610 	5066.512535 	1025.616168 	109.723000 	790.048801 	6721.652150 	416.125755 	1365.828925 	
297.230367 	23.678048 	1.829268 	1013.902974 	32.971218 	190.965219 	139.592947 	46.408780 	49.819513 	14.864781 	0.487805 	0.000000 	4.999999 	24.187803 	24.124563 	15.085731 	141.541222 	13.012803 	58.358095 	10.597560 	7.297561 	7.858537 	5.024389 	43.146045 	29.071780 	31.364634 	1.317073 	3.399999 	9.866439 	0.853657 	11.985369 	106.406146 	68.344611 	119.139099 	5.531707 	1.018171 	5.401293 	22.778757 	61.390242 	17.092680 	
5.630561 	3.073171 	0.000000 	384.198288 	4.908781 	1682.964585 	8.186002 	11.114948 	35.039020 	1.170781 	0.000000 	0.000000 	0.341463 	1.726828 	338.235975 	4.989754 	11.845122 	1.814100 	8.519511 	2.914635 	8.384904 	0.073170 	0.085366 	93.567172 	362.321950 	5.695122 	0.000000 	2.980488 	0.682926 	0.048780 	4.990245 	7.951218 	26.226828 	22.232754 	0.880488 	0.000000 	4.268292 	413.131707 	0.024390 	13.987804 	
5905.697403 	33.453658 	1208.997468 	1465.143321 	19661.080338 	731.199807 	19.365856 	13.780492 	19705.759270 	569.098489 	531.247403 	250.472858 	199.172613 	452.882148 	33.167319 	15.683418 	181.172443 	91.533879 	4380.062658 	3928.187853 	20267.590828 	1118.188171 	494.967441 	1317.754638 	360.498171 	5854.548831 	1286.244393 	1384.693978 	2125.122633 	40.612195 	2282.507634 	6359.018786 	1276.138468 	124.911886 	2725.014909 	1094.534511 	720.827071 	4376.590318 	1648.396664 	3639.183687 	
2552.071662 	144.279072 	183.226429 	581.131195 	1940.608830 	535.903343 	13.947318 	8.147196 	832.059931 	1344.866460 	2.219514 	55.316193 	570.864049 	103.263462 	10.015390 	43.205268 	99.065001 	123.987832 	548.897538 	149.062536 	493.868196 	84.769779 	59.762169 	1473.142611 	1846.371024 	318.205707 	24.283537 	115.941073 	79.868194 	8.768025 	888.466179 	619.360218 	701.622246 	162.180145 	143.594195 	497.122099 	67.186097 	2056.324927 	16.589999 	1017.467926 	
1.212195 	0.000000 	1.707318 	1228.908535 	4.659902 	1173.274392 	0.048780 	0.000000 	28.944387 	0.073170 	7.502682 	0.000000 	95.878048 	0.000000 	0.000000 	0.731707 	0.829269 	0.000000 	1.329268 	5142.267874 	5.878048 	1.463415 	1.573171 	2539.192269 	311.352684 	0.829269 	2.536585 	0.000000 	116.637805 	0.890244 	4.317075 	51.155829 	1.024390 	0.000000 	0.524390 	4596.358536 	0.000000 	803.457075 	1.780487 	0.000000 	
134.616099 	1.598535 	0.487804 	12.010486 	65.160876 	120.002902 	0.000000 	0.000853 	4.773169 	0.243903 	0.073170 	1210.183728 	96.764515 	2.514633 	0.000000 	0.170731 	0.121950 	1.626829 	41.263902 	0.736586 	93.836341 	11.668781 	64.540098 	0.695122 	25.826877 	1.104877 	2.482927 	625.107998 	7.162318 	0.000000 	1032.245541 	21.159097 	0.968829 	0.000000 	66.703904 	825.701709 	115.860682 	853.189976 	0.273171 	10.728754 	
4237.240977 	94.710414 	49.642197 	2143.736856 	5215.771291 	1008.811780 	8.879317 	1.585366 	413.892393 	57.811857 	2.413440 	456.923925 	8221.590729 	46.175878 	19.844637 	4.424388 	219.653246 	17.168097 	1089.172318 	235.246369 	943.727044 	309.454561 	221.584392 	397.707591 	386.761729 	312.310902 	58.185756 	1314.408543 	562.119463 	0.304878 	1906.602075 	1230.168758 	64.131270 	41.423050 	515.547027 	8131.983585 	972.088845 	9361.097145 	115.441147 	105.937735 	
519.842127 	2.219512 	5.073171 	1380.172389 	631.743464 	330.725560 	12.909147 	43.377219 	314.436338 	86.598392 	3.311707 	0.524389 	0.000000 	175.173070 	82.743315 	604.272051 	37.269487 	0.776901 	231.789024 	40.725609 	158.947219 	47.256826 	4.736587 	65.263044 	475.629997 	77.067390 	5.951220 	31.195120 	111.817362 	5.604171 	28.336584 	1695.980994 	1220.414994 	15.024391 	15.130098 	0.000000 	70.036587 	129.559951 	28.675612 	69.692196 	
213.969465 	5.560975 	2.063415 	1957.851367 	210.022122 	601.858656 	35.685436 	136.833534 	322.919514 	11.607318 	0.000000 	0.039024 	1.058538 	41.682998 	283.919145 	31.454679 	70.363417 	15.472316 	52.480929 	2.243904 	27.739024 	17.151218 	0.853659 	191.796631 	1992.259969 	8.824389 	0.000000 	1.317073 	32.722927 	1.743904 	30.272588 	466.884267 	150.558778 	74.048779 	81.868462 	1.463415 	45.719758 	102.867073 	8.536587 	8.487829 	
21.382927 	1.024390 	0.000000 	178.059978 	29.272513 	200.464147 	4.246342 	5.163414 	13.876587 	3.397560 	0.000000 	0.000000 	0.207316 	51.239002 	28.651119 	28.117075 	2.525365 	4.049610 	2.050342 	0.000000 	0.914634 	0.219511 	0.000000 	10.309780 	795.918783 	0.000000 	0.268291 	0.487805 	13.449682 	10.000000 	11.622192 	33.156093 	44.981802 	4.914636 	8.310241 	0.243903 	6.707318 	1.560976 	0.024390 	0.292683 	
2569.712928 	384.202783 	16.085830 	3570.617463 	642.637684 	939.849267 	460.105246 	322.959313 	122.954977 	23.015683 	20.835757 	9.916390 	42.396073 	109.784097 	585.435896 	36.078003 	1268.484194 	736.672003 	349.762270 	19.783513 	266.099952 	58.608683 	24.478803 	448.970586 	157.709170 	18.523462 	0.963414 	43.842048 	80.888804 	0.000000 	247.603317 	272.040611 	11.545927 	1089.375025 	53.459342 	42.927510 	106.031709 	386.747592 	3.080487 	32.130195 	
777.053046 	16.664512 	76.460974 	426.044001 	49.626122 	3531.494394 	6.276342 	3.049512 	32.279269 	9.751101 	0.000000 	0.158536 	668.478144 	12.551217 	0.410485 	11.736703 	96.786981 	222.519874 	12.406584 	2.597562 	51.776584 	0.243903 	0.048780 	9.539020 	17.780487 	0.359757 	0.053073 	4.884633 	2.019513 	0.829269 	68.087047 	83.929464 	14.826097 	532.026951 	0.865852 	33.203293 	4.962195 	215.308048 	0.048780 	0.195121 	
10153.584936 	305.550612 	357.040066 	6099.940481 	31450.664541 	4802.940636 	121.988637 	75.269781 	1742.161978 	603.076095 	61.872267 	470.210828 	492.862972 	354.822293 	119.098366 	30.334291 	817.795446 	174.660708 	16772.341198 	2000.686767 	6877.643221 	2089.285217 	1086.548884 	825.953025 	999.731463 	6416.093049 	922.433856 	1931.086928 	1677.562046 	35.134147 	4332.504053 	3671.004123 	623.778513 	405.167654 	4012.691236 	4479.806509 	570.869760 	8407.926070 	601.486460 	2698.566193 	
177.907415 	0.000000 	2349.571947 	20873.670123 	1107.516488 	11896.975388 	19.243902 	1.219512 	1094.617803 	295.774753 	67.248583 	2.963413 	2690.626878 	159.164584 	0.185365 	0.024390 	89.992195 	1.219510 	568.260946 	2302.911704 	727.297002 	77.865877 	7.687803 	7909.111950 	1083.720486 	207.294390 	30.574389 	115.587660 	208.147050 	0.292683 	304.470534 	455.446438 	37.021414 	0.680487 	580.260773 	9016.607779 	183.310195 	5236.183561 	6.860877 	138.267706 	
10516.294206 	250.685291 	1323.482707 	13434.963971 	40621.080827 	4018.849534 	130.003221 	31.001415 	13335.543369 	368.929290 	64.961118 	747.557146 	348.477101 	640.054704 	96.131830 	9.834145 	1183.224560 	187.771050 	11860.934878 	5240.995945 	11186.319805 	3342.296937 	895.008025 	1652.429781 	1375.877880 	5780.312249 	521.971954 	3022.190958 	2588.761267 	4.756099 	5014.848510 	5984.926999 	788.029413 	575.234152 	6106.167690 	6894.396246 	1393.583244 	10423.544221 	216.602467 	1808.328849 	
603.240860 	35.518293 	62.318928 	181.700731 	1196.806807 	685.006512 	22.170193 	3.652438 	891.761782 	74.296684 	3.097561 	153.743317 	372.275025 	70.105462 	21.739023 	0.853659 	34.695609 	16.833906 	569.339516 	80.869270 	2041.598292 	2259.597703 	3041.695229 	46.671147 	74.208292 	467.726095 	265.553662 	1522.397934 	144.780123 	59.702439 	915.063273 	347.195514 	263.795367 	6.043902 	1225.714317 	1772.303728 	127.998832 	2113.244734 	172.553661 	1308.507952 	
144.361905 	0.121951 	0.726826 	7.371585 	360.348513 	229.784290 	6.658536 	0.219511 	47.402442 	5.712193 	0.731707 	106.693168 	10.101219 	0.731704 	0.804877 	0.000000 	0.902439 	1.109755 	171.316849 	1.695122 	20.635047 	1424.651025 	334.374039 	53.190244 	27.283707 	6.724387 	3.236584 	241.437508 	4.582924 	0.182926 	1209.275824 	56.295121 	16.902436 	0.475610 	176.610900 	899.232706 	154.883976 	211.136728 	0.475609 	17.702389 	
853.688484 	86.307389 	25.444517 	4494.524880 	1559.630046 	311.003952 	117.969854 	152.144802 	1664.973419 	117.295611 	18.434488 	87.994465 	25.597561 	256.890342 	743.092782 	129.886149 	175.430416 	245.474776 	385.267365 	66.305417 	233.543175 	291.780511 	254.162295 	1416.022954 	2887.376340 	266.674758 	25.624390 	85.691148 	342.550930 	36.378048 	620.839434 	1204.249611 	70.738582 	135.949737 	273.263515 	9.595220 	126.691465 	383.672850 	31.491711 	106.097223 	
5620.469199 	247.867438 	73.220976 	7101.189218 	6449.251830 	1489.203903 	58.023096 	130.373367 	405.851709 	119.870947 	32.512195 	5.940244 	181.692610 	313.213413 	11633.043853 	116.092804 	381.656904 	1548.729516 	19194.034704 	156.093633 	1442.421342 	1201.675514 	35.109759 	1619.344149 	11898.749170 	666.516925 	500.259756 	55.714197 	800.782485 	71.068293 	419.771979 	28831.829829 	1079.537901 	138.480417 	1065.311536 	9.177316 	220.004708 	654.441684 	108.521709 	1028.217559 	
1317.898071 	58.082926 	4.500001 	719.017950 	5683.664122 	471.101536 	94.270390 	11.590242 	927.357708 	362.174292 	14.658538 	45.572023 	95.573586 	96.907803 	19.775610 	1.670733 	151.462050 	33.502438 	2990.437658 	73.624950 	3527.479752 	168.373342 	37.412880 	140.419951 	441.537001 	3096.441051 	3162.311755 	134.204371 	85.067292 	10.379268 	382.629730 	239.532316 	225.961633 	75.898293 	282.548484 	53.296096 	53.704392 	410.601732 	898.783071 	5036.786241 	
190.661762 	64.682927 	103.348779 	677.626827 	1814.617854 	431.624147 	4.926831 	1.302438 	179.346340 	55.623193 	4.000000 	32.733244 	6.651219 	2.963416 	1.073171 	0.024390 	39.574393 	22.286585 	1141.476101 	37.709756 	195.829930 	258.326827 	17.790246 	45.558001 	551.162683 	3589.518874 	285.949067 	33.133662 	5.573170 	0.000000 	303.392514 	30.241463 	171.910318 	9.237807 	602.957196 	2.075488 	261.814681 	580.253929 	38.998046 	1925.803120 	
1599.206415 	21.440732 	25.447440 	457.427153 	2053.190880 	66.876684 	18.160976 	2.341464 	35.433828 	3.012192 	0.073170 	624.815066 	718.575390 	49.068293 	27.691318 	0.000000 	157.668829 	18.640244 	460.665510 	33.280979 	308.262731 	643.206558 	172.226484 	82.252731 	72.861291 	162.751975 	2.813904 	5069.843986 	80.518681 	0.048780 	1075.335444 	240.874998 	16.466463 	90.083172 	357.217468 	377.745829 	285.137097 	5066.501794 	2.458534 	107.913508 	
1781.373372 	82.190001 	50.021950 	31526.501026 	1635.567710 	3746.624220 	105.814734 	107.146195 	1843.631998 	51.113173 	28.756929 	108.481831 	25.034023 	1561.641320 	4693.927569 	82.689925 	243.769901 	352.938906 	272.286537 	356.241129 	745.806223 	83.738052 	105.208635 	11743.931546 	8629.428610 	193.391565 	33.301611 	300.710731 	1845.263430 	122.534976 	446.535072 	6870.765022 	157.499514 	710.226831 	200.173579 	258.209025 	126.810829 	1650.143269 	457.356736 	113.741563 	
5.487807 	0.853659 	0.000000 	183.526341 	54.269367 	53.758537 	1.341462 	0.090243 	4.402438 	0.134147 	0.000000 	0.000000 	0.000000 	6.612195 	414.250731 	141.072121 	0.000000 	1.426830 	33.941461 	0.487805 	3.195120 	1.982927 	0.048780 	4.751220 	2019.284389 	12.061707 	1.246342 	1.229268 	58.323901 	1.170732 	0.460000 	59.502730 	67.897342 	0.000000 	0.000000 	0.000000 	0.829269 	0.926829 	0.170731 	3.773170 	
11704.752984 	335.819784 	1592.898482 	2765.034585 	9620.068686 	3741.622095 	87.049998 	18.382414 	579.088273 	258.720045 	2.536951 	619.733756 	812.561292 	89.502686 	64.732122 	7.878441 	668.241623 	97.861804 	2287.065112 	239.418174 	1443.743125 	1054.997059 	256.216288 	443.720300 	595.693195 	443.686488 	167.666833 	2437.138539 	611.576856 	3.634145 	19969.382070 	1816.305687 	116.828878 	177.724608 	1616.514048 	12054.591880 	4587.776853 	8000.406219 	49.843023 	118.711098 	
3818.232709 	95.695998 	214.377070 	4516.116169 	6082.486977 	3055.795542 	170.289708 	48.823070 	3372.167598 	1410.341020 	190.784169 	42.445389 	38.161825 	2849.685222 	508.686783 	163.308123 	424.913121 	60.074803 	1740.106752 	1141.204536 	3359.372148 	385.376264 	54.895977 	2259.671706 	1513.294124 	252.895855 	69.151972 	133.524850 	11910.800928 	174.520732 	903.618513 	24661.840701 	6206.231676 	219.139857 	2582.372534 	232.743634 	143.225659 	1242.494922 	1089.518706 	428.425095 	
2609.847162 	207.748659 	185.861658 	2113.243171 	2440.609536 	6762.847633 	136.965267 	282.609146 	732.367046 	708.448240 	29.584146 	45.500001 	181.267221 	520.037340 	660.445828 	8537.574197 	277.653587 	68.528316 	1297.090048 	123.856266 	760.441173 	474.417585 	74.566489 	512.910561 	1622.242438 	332.516660 	27.125244 	265.221387 	319.987950 	95.671368 	1035.222342 	4520.454675 	2895.826730 	438.496926 	466.682023 	141.459658 	158.060487 	919.602732 	43.592124 	2454.447486 	
9059.686395 	1213.017291 	549.945171 	2315.408364 	188.101366 	613.518411 	1534.088830 	209.748801 	149.172906 	5.973173 	0.048780 	15.743903 	39.032685 	32.430852 	228.700072 	307.079608 	5898.499434 	931.819293 	48.232026 	4.402438 	119.959878 	6.475608 	1.512195 	117.424927 	119.480634 	1.475608 	2.591463 	12.646341 	12.957316 	0.759708 	202.667170 	68.800070 	135.164076 	2787.598292 	19.602270 	0.560976 	95.645122 	96.747973 	0.878047 	6.324391 	
17276.403366 	939.469343 	653.274096 	1019.835858 	13929.706103 	622.262733 	96.821854 	54.270730 	472.455735 	803.881948 	6.817072 	524.124294 	530.809242 	183.056851 	42.755875 	28.271950 	737.413152 	699.797829 	5228.369757 	78.343590 	4918.948494 	3696.959655 	1759.796292 	320.879636 	480.890245 	476.725366 	242.297561 	2248.095952 	144.552758 	0.609756 	5841.169246 	6401.076805 	187.648144 	204.591780 	5791.499995 	1154.879537 	1332.331443 	8947.629435 	123.132049 	800.961003 	
23361.781929 	241.219606 	514.290537 	1088.080901 	44709.536610 	207.656025 	7.548952 	0.389025 	579.526513 	119.155927 	14.317805 	935.181607 	14347.353024 	60.954709 	2.146341 	14.315146 	53.902291 	44.010683 	25727.570658 	379.384998 	6888.449589 	3344.150514 	738.837396 	52.915047 	47.166976 	1290.944586 	464.188127 	3079.101022 	271.607706 	10.965901 	29730.953511 	1431.710416 	240.603073 	21.764025 	4716.905613 	53.754877 	54317.282271 	84721.164171 	402.545658 	524.325097 	
8037.958821 	180.086196 	845.254540 	2349.190732 	4442.669104 	1083.350976 	3.463417 	0.853659 	214.500319 	160.754148 	15.887806 	882.155541 	1400.888145 	19.268295 	6.195120 	1.097562 	109.736098 	30.392684 	4020.425715 	375.474010 	778.182393 	1594.322854 	1192.191768 	100.743906 	895.018878 	836.836638 	1031.720979 	3385.672811 	150.967806 	1.682928 	12589.268016 	1149.713735 	120.542827 	32.065857 	3773.692099 	9419.669952 	5199.307948 	14332.090832 	698.145255 	2172.073801 	
21456.534853 	428.906583 	947.336100 	8660.955000 	24979.640806 	2714.508781 	16.065070 	17.609487 	2309.984027 	255.821148 	16.625902 	5731.324143 	8199.063386 	112.188487 	41.672364 	11.220534 	534.967095 	199.714196 	7158.525975 	533.829854 	6074.689881 	3045.248466 	1686.584996 	665.168608 	959.409243 	1156.847834 	246.714459 	15974.195517 	1565.035683 	8.731707 	21916.408426 	3919.497755 	207.911246 	426.374022 	3535.662855 	26772.085295 	11993.256859 	37157.769585 	199.239660 	419.375316 	
154.854684 	0.841464 	1.243902 	580.949804 	1374.507341 	435.795218 	7.410367 	2.995122 	200.342586 	6.914634 	0.694146 	4.243904 	0.365853 	19.346194 	3.329269 	0.073170 	63.486364 	5.063415 	363.371249 	24.375609 	114.234173 	22.900147 	2.056342 	102.467074 	368.408830 	664.974435 	617.113098 	4.592731 	30.699219 	0.707317 	138.814462 	293.865339 	8.603929 	10.182928 	379.874609 	0.000000 	45.132684 	60.700195 	2289.912954 	3845.872662 	
689.766633 	1.739023 	47.530245 	3299.118339 	6943.082292 	1355.825023 	39.731242 	23.438245 	1664.367072 	439.169562 	12.380584 	7.827097 	845.290266 	238.389831 	28.597881 	6.441147 	271.185025 	20.071413 	6337.005288 	216.887323 	1212.829295 	214.197339 	39.124731 	371.865489 	957.093171 	2657.888487 	848.087781 	131.917901 	101.629755 	10.000000 	350.135807 	887.982822 	643.250704 	68.251243 	2732.735221 	139.551025 	91.560174 	964.143341 	2603.850095 	35344.307536 	


12006.209052 	15562.954269 	19119.699259 	22676.444249 	
12006.209052 	15562.954269 	19119.699259 	22676.444249 	
12006.209052 	15562.954269 	19119.699259 	22676.444249 	
11924.167519 	15456.608576 	18989.049407 	22521.490238 	
12015.761507 	15575.336564 	19134.911394 	22694.486223 	
11944.737456 	15483.272195 	19021.806709 	22560.341222 	
11944.737456 	15483.272195 	19021.806709 	22560.341222 	
11944.737456 	15483.272195 	19021.806709 	22560.341222 	
12028.911021 	15592.381518 	19155.851788 	22719.322058 	
12028.911021 	15592.381518 	19155.851788 	22719.322058 	
12028.911021 	15592.381518 	19155.851788 	22719.322058 	
12003.957913 	15560.036247 	19116.114355 	22672.192462 	
12003.957913 	15560.036247 	19116.114355 	22672.192462 	
11954.956916 	15496.519089 	19038.081037 	22579.642985 	
11954.956916 	15496.519089 	19038.081037 	22579.642985 	
11954.956916 	15496.519089 	19038.081037 	22579.642985 	
12011.938143 	15570.380558 	19128.822746 	22687.264934 	
12011.938143 	15570.380558 	19128.822746 	22687.264934 	
12015.761507 	15575.336564 	19134.911394 	22694.486223 	
12015.761507 	15575.336564 	19134.911394 	22694.486223 	
12015.761507 	15575.336564 	19134.911394 	22694.486223 	
11962.937146 	15506.863400 	19050.789428 	22594.715457 	
11962.937146 	15506.863400 	19050.789428 	22594.715457 	
11978.123405 	15526.548470 	19074.973308 	22623.398146 	
11910.791700 	15439.270275 	18967.748625 	22496.226975 	
11935.518504 	15471.322200 	19007.125671 	22542.929142 	
11935.518504 	15471.322200 	19007.125671 	22542.929142 	
12021.490598 	15582.762853 	19144.034881 	22705.306909 	
11914.948566 	15444.658580 	18974.368369 	22504.078158 	
11914.948566 	15444.658580 	18974.368369 	22504.078158 	
11953.944498 	15495.206751 	19036.468778 	22577.730805 	
11968.332735 	15513.857390 	19059.381819 	22604.906248 	
11968.332735 	15513.857390 	19059.381819 	22604.906248 	
11978.123405 	15526.548470 	19074.973308 	22623.398146 	
11993.738453 	15546.789353 	19099.840026 	22652.890700 	
11977.885190 	15526.239684 	19074.593953 	22622.948222 	
11977.885190 	15526.239684 	19074.593953 	22622.948222 	
11977.885190 	15526.239684 	19074.593953 	22622.948222 	
11978.123405 	15526.548470 	19074.973308 	22623.398146 	
11978.123405 	15526.548470 	19074.973308 	22623.398146 	

1.00
0.75
1.00
1.50

5.108850e-06 	3.494834e-06 	3.026888e-06 	2.849700e-06 	
6.095170e-06 	4.213562e-06 	3.674399e-06 	3.476186e-06 	
7.515662e-06 	5.248671e-06 	4.606942e-06 	4.378448e-06 	
6.402659e-06 	4.437629e-06 	3.876263e-06 	3.671496e-06 	
3.376431e-06 	2.232425e-06 	1.889567e-06 	1.749309e-06 	
8.000541e-06 	5.602001e-06 	4.925262e-06 	4.686432e-06 	
6.518415e-06 	4.521980e-06 	3.952257e-06 	3.745021e-06 	
4.663069e-06 	3.169994e-06 	2.734235e-06 	2.566550e-06 	
4.501385e-06 	3.052176e-06 	2.628091e-06 	2.463853e-06 	
8.225737e-06 	5.766101e-06 	5.073101e-06 	4.829471e-06 	
3.991408e-06 	2.680557e-06 	2.293295e-06 	2.139928e-06 	
7.981077e-06 	5.587818e-06 	4.912484e-06 	4.674069e-06 	
5.185680e-06 	3.550819e-06 	3.077326e-06 	2.898500e-06 	
7.643028e-06 	5.341482e-06 	4.690557e-06 	4.459348e-06 	
3.019089e-06 	1.972030e-06 	1.654974e-06 	1.522334e-06 	
6.835806e-06 	4.753262e-06 	4.160622e-06 	3.946621e-06 	
3.789262e-06 	2.533253e-06 	2.160587e-06 	2.011529e-06 	
3.859091e-06 	2.584138e-06 	2.206429e-06 	2.055883e-06 	
3.874798e-06 	2.595584e-06 	2.216741e-06 	2.065860e-06 	
4.164702e-06 	2.806835e-06 	2.407061e-06 	2.249999e-06 	
3.104626e-06 	2.034361e-06 	1.711128e-06 	1.576665e-06 	
5.005557e-06 	3.419565e-06 	2.959076e-06 	2.784091e-06 	
5.046704e-06 	3.449548e-06 	2.986089e-06 	2.810226e-06 	
7.824687e-06 	5.473857e-06 	4.809815e-06 	4.574734e-06 	
4.041774e-06 	2.717259e-06 	2.326360e-06 	2.171919e-06 	
6.464634e-06 	4.482790e-06 	3.916950e-06 	3.710861e-06 	
6.363902e-06 	4.409387e-06 	3.850820e-06 	3.646879e-06 	
8.366078e-06 	5.868367e-06 	5.165235e-06 	4.918613e-06 	
7.004489e-06 	4.876181e-06 	4.271361e-06 	4.053764e-06 	
3.259821e-06 	2.147451e-06 	1.813013e-06 	1.675241e-06 	
3.030186e-06 	1.980117e-06 	1.662259e-06 	1.529383e-06 	
3.662749e-06 	2.441064e-06 	2.077532e-06 	1.931171e-06 	
4.175799e-06 	2.814922e-06 	2.414346e-06 	2.257048e-06 	
4.544922e-06 	3.083901e-06 	2.656673e-06 	2.491506e-06 	
4.133628e-06 	2.784192e-06 	2.386661e-06 	2.230262e-06 	
3.260333e-06 	2.147825e-06 	1.813349e-06 	1.675566e-06 	
7.469905e-06 	5.215328e-06 	4.576903e-06 	4.349385e-06 	
5.435119e-06 	3.732585e-06 	3.241081e-06 	3.056938e-06 	
2.904186e-06 	1.888301e-06 	1.579541e-06 	1.449350e-06 	
6.850489e-06 	4.763961e-06 	4.170261e-06 	3.955947e-06 	

5.633440e-06 	4.055828e-06 	3.620409e-06 	3.475976e-06 	
3.834703e-06 	2.630198e-06 	2.279396e-06 	2.145061e-06 	
3.302610e-06 	2.208476e-06 	1.882705e-06 	1.751358e-06 	
3.282620e-06 	2.192632e-06 	1.867801e-06 	1.736566e-06 	
5.493931e-06 	3.945257e-06 	3.516401e-06 	3.372751e-06 	
9.659864e-06 	7.247062e-06 	6.622230e-06 	6.455192e-06 	
9.152015e-06 	6.844555e-06 	6.243614e-06 	6.079426e-06 	
2.919384e-06 	1.904742e-06 	1.596998e-06 	1.467803e-06 	
