60 

4 

0.000000 	0.107702 	0.098517 	0.010589 	0.012606 	0.033185 	0.040874 	0.266460 	0.120570 	0.230125 	0.129236 	0.148448 	0.056930 	0.216388 	0.184396 	0.266883 	0.266825 	0.158487 	0.215527 	0.164354 	0.139847 	0.091433 	0.114246 	0.114709 	0.114120 	0.116679 	0.065458 	0.184858 	0.245671 	0.303491 	0.306025 	0.339181 	0.287369 	0.160130 	0.221478 	0.191526 	0.295308 	0.322316 	0.303406 	0.193020 	0.080468 	0.143620 	0.105901 	0.090125 	0.139830 	0.136166 	0.178366 	0.102740 	0.074410 	0.153775 	0.136339 	0.159428 	0.270979 	0.208602 	0.183424 	0.200529 	0.171031 	0.172809 	0.261663 	0.335559 	
0.107702 	0.000000 	0.078789 	0.106011 	0.118612 	0.140780 	0.083920 	0.199100 	0.227338 	0.152273 	0.222669 	0.234934 	0.154510 	0.300291 	0.269880 	0.345640 	0.233807 	0.168294 	0.186980 	0.160610 	0.063241 	0.052548 	0.220399 	0.215370 	0.221071 	0.220923 	0.121826 	0.285022 	0.336819 	0.270931 	0.261856 	0.309003 	0.228965 	0.266785 	0.320036 	0.298088 	0.372664 	0.396331 	0.357968 	0.226767 	0.178330 	0.197226 	0.159648 	0.171177 	0.204162 	0.206115 	0.108842 	0.207185 	0.181837 	0.223832 	0.222159 	0.242197 	0.327188 	0.267120 	0.273374 	0.282446 	0.266954 	0.273671 	0.368888 	0.423108 	
0.098517 	0.078789 	0.000000 	0.089863 	0.102226 	0.125941 	0.057644 	0.168171 	0.194556 	0.134854 	0.169452 	0.174886 	0.116153 	0.314846 	0.282872 	0.365040 	0.174297 	0.089944 	0.123461 	0.084643 	0.056657 	0.026534 	0.186051 	0.171029 	0.189514 	0.181936 	0.149506 	0.280343 	0.343763 	0.211803 	0.210431 	0.248994 	0.189050 	0.231180 	0.266674 	0.260738 	0.393382 	0.419999 	0.395799 	0.148179 	0.178652 	0.123507 	0.089980 	0.114917 	0.134047 	0.138465 	0.083054 	0.196690 	0.156378 	0.249105 	0.234672 	0.257581 	0.250430 	0.191972 	0.213614 	0.216673 	0.213019 	0.225383 	0.332508 	0.357325 	
0.010589 	0.106011 	0.089863 	0.000000 	0.013451 	0.037708 	0.032514 	0.258021 	0.121327 	0.222707 	0.124589 	0.142541 	0.052344 	0.225532 	0.193520 	0.276307 	0.256735 	0.147907 	0.205473 	0.153912 	0.133646 	0.084841 	0.114446 	0.112082 	0.115078 	0.115649 	0.075683 	0.191701 	0.253911 	0.293307 	0.296220 	0.328883 	0.278290 	0.160783 	0.218635 	0.192105 	0.304773 	0.331954 	0.313838 	0.182840 	0.088798 	0.134052 	0.095932 	0.082501 	0.131018 	0.127854 	0.170808 	0.108749 	0.076169 	0.164040 	0.145710 	0.168923 	0.262286 	0.199824 	0.178409 	0.194240 	0.167288 	0.170539 	0.262902 	0.330609 	
0.012606 	0.118612 	0.102226 	0.013451 	0.000000 	0.024328 	0.045463 	0.270359 	0.108923 	0.235701 	0.116781 	0.136367 	0.044612 	0.214285 	0.182281 	0.265441 	0.266588 	0.155166 	0.215478 	0.162531 	0.147031 	0.098188 	0.102343 	0.102119 	0.102566 	0.104358 	0.073568 	0.178642 	0.241661 	0.302846 	0.306740 	0.337987 	0.289972 	0.148462 	0.208888 	0.179837 	0.293957 	0.321435 	0.305777 	0.186027 	0.076928 	0.135138 	0.098558 	0.079302 	0.130101 	0.125833 	0.183762 	0.095478 	0.063242 	0.155392 	0.134933 	0.158305 	0.260900 	0.198691 	0.171023 	0.188575 	0.158439 	0.160268 	0.250323 	0.323112 	
0.033185 	0.140780 	0.125941 	0.037708 	0.024328 	0.000000 	0.069707 	0.293868 	0.089069 	0.259854 	0.108545 	0.131116 	0.042496 	0.192905 	0.161013 	0.244590 	0.286951 	0.172424 	0.236167 	0.181599 	0.171347 	0.122515 	0.083527 	0.089232 	0.082454 	0.087873 	0.072847 	0.154527 	0.218611 	0.322703 	0.327949 	0.357164 	0.312703 	0.128480 	0.194908 	0.159831 	0.273140 	0.301069 	0.289680 	0.196828 	0.055357 	0.143298 	0.110167 	0.082235 	0.134982 	0.128870 	0.207896 	0.071187 	0.042450 	0.139098 	0.114790 	0.138276 	0.263243 	0.202029 	0.162606 	0.183474 	0.147002 	0.145497 	0.229264 	0.313383 	
0.040874 	0.083920 	0.057644 	0.032514 	0.045463 	0.069707 	0.000000 	0.225672 	0.147677 	0.190253 	0.138818 	0.152182 	0.071494 	0.257240 	0.225255 	0.307600 	0.227753 	0.125138 	0.176411 	0.128025 	0.102178 	0.053283 	0.139991 	0.132015 	0.141853 	0.138903 	0.097201 	0.224098 	0.286311 	0.264776 	0.266052 	0.301042 	0.246545 	0.186441 	0.236122 	0.217350 	0.335989 	0.362820 	0.341407 	0.168779 	0.121119 	0.126435 	0.086755 	0.088517 	0.128377 	0.128017 	0.138330 	0.140894 	0.104892 	0.192998 	0.177126 	0.200127 	0.257907 	0.195724 	0.190205 	0.201394 	0.183055 	0.190047 	0.288935 	0.341105 	
0.266460 	0.199100 	0.168171 	0.258021 	0.270359 	0.293868 	0.225672 	0.000000 	0.353729 	0.050467 	0.312428 	0.306835 	0.278109 	0.482300 	0.450417 	0.531759 	0.088660 	0.162054 	0.092759 	0.141847 	0.137419 	0.178238 	0.344758 	0.323355 	0.349696 	0.337720 	0.310533 	0.447812 	0.511931 	0.109260 	0.082803 	0.141052 	0.035858 	0.386353 	0.399343 	0.412912 	0.559891 	0.585774 	0.554826 	0.211833 	0.346782 	0.233191 	0.223547 	0.262929 	0.252404 	0.262100 	0.091802 	0.364064 	0.321057 	0.413205 	0.401987 	0.424556 	0.310462 	0.275246 	0.340622 	0.329977 	0.349830 	0.368575 	0.482437 	0.455608 	
0.120570 	0.227338 	0.194556 	0.121327 	0.108923 	0.089069 	0.147677 	0.353729 	0.000000 	0.327897 	0.064659 	0.089788 	0.078469 	0.182366 	0.156098 	0.233048 	0.326399 	0.205424 	0.279732 	0.221311 	0.247714 	0.199738 	0.009056 	0.038319 	0.006740 	0.020567 	0.151011 	0.115335 	0.189216 	0.358116 	0.370754 	0.387894 	0.365819 	0.039561 	0.113742 	0.070956 	0.259870 	0.289441 	0.302956 	0.201396 	0.089612 	0.147324 	0.135009 	0.093270 	0.129560 	0.118769 	0.276908 	0.061336 	0.046624 	0.166684 	0.128452 	0.146588 	0.229692 	0.178004 	0.101948 	0.131515 	0.078093 	0.065423 	0.141630 	0.239240 	
0.230125 	0.152273 	0.134854 	0.222707 	0.235701 	0.259854 	0.190253 	0.050467 	0.327897 	0.000000 	0.294022 	0.292571 	0.250066 	0.443367 	0.411779 	0.491604 	0.122393 	0.155364 	0.103995 	0.135118 	0.093511 	0.139113 	0.319161 	0.300980 	0.323208 	0.313729 	0.268211 	0.414342 	0.475360 	0.151077 	0.129289 	0.186071 	0.085366 	0.363034 	0.386392 	0.391364 	0.519407 	0.544482 	0.509908 	0.214255 	0.310433 	0.223370 	0.205562 	0.241390 	0.240914 	0.249314 	0.051970 	0.330969 	0.291170 	0.371413 	0.363208 	0.385173 	0.319271 	0.275777 	0.328910 	0.322833 	0.334547 	0.350900 	0.462422 	0.455749 	
0.129236 	0.222669 	0.169452 	0.124589 	0.116781 	0.108545 	0.138818 	0.312428 	0.064659 	0.294022 	0.000000 	0.026342 	0.072396 	0.246480 	0.219217 	0.297517 	0.273620 	0.154612 	0.230520 	0.172976 	0.226003 	0.182783 	0.057840 	0.027877 	0.066046 	0.044409 	0.181155 	0.179785 	0.253671 	0.302848 	0.318674 	0.330320 	0.319638 	0.080156 	0.098028 	0.101907 	0.324472 	0.354037 	0.364805 	0.139579 	0.136989 	0.088500 	0.089081 	0.054538 	0.068994 	0.057747 	0.245988 	0.118778 	0.078998 	0.222713 	0.186823 	0.207044 	0.167611 	0.113570 	0.054352 	0.076112 	0.044408 	0.056888 	0.170028 	0.206332 	
0.148448 	0.234934 	0.174886 	0.142541 	0.136367 	0.131116 	0.152182 	0.306835 	0.089788 	0.292571 	0.026342 	0.000000 	0.091874 	0.272086 	0.245192 	0.322827 	0.261313 	0.145788 	0.221144 	0.165360 	0.231409 	0.191324 	0.083556 	0.054141 	0.091754 	0.070040 	0.203961 	0.204072 	0.277837 	0.288531 	0.306483 	0.314101 	0.311166 	0.099175 	0.093858 	0.115771 	0.349550 	0.379127 	0.391043 	0.121028 	0.162849 	0.075545 	0.087769 	0.063788 	0.055450 	0.044959 	0.246712 	0.145110 	0.104619 	0.248971 	0.213165 	0.233346 	0.141282 	0.088339 	0.038865 	0.052441 	0.043138 	0.064566 	0.178948 	0.189053 	
0.056930 	0.154510 	0.116153 	0.052344 	0.044612 	0.042496 	0.071494 	0.278109 	0.078469 	0.250066 	0.072396 	0.091874 	0.000000 	0.223359 	0.192269 	0.275715 	0.259715 	0.140683 	0.210410 	0.153096 	0.169437 	0.121921 	0.070117 	0.060881 	0.073362 	0.067618 	0.113833 	0.173412 	0.243244 	0.293961 	0.302605 	0.326745 	0.292784 	0.116007 	0.166707 	0.146478 	0.304111 	0.332838 	0.327720 	0.157022 	0.090298 	0.102311 	0.072900 	0.039960 	0.092752 	0.086388 	0.198772 	0.091867 	0.043996 	0.177994 	0.149388 	0.172503 	0.220826 	0.159532 	0.126503 	0.144203 	0.114971 	0.119315 	0.218285 	0.278667 	
0.216388 	0.300291 	0.314846 	0.225532 	0.214285 	0.192905 	0.257240 	0.482300 	0.182366 	0.443367 	0.246480 	0.272086 	0.223359 	0.000000 	0.032015 	0.052395 	0.479808 	0.363424 	0.429072 	0.374029 	0.350322 	0.304699 	0.188647 	0.218918 	0.180439 	0.202124 	0.178474 	0.076273 	0.045589 	0.515334 	0.520788 	0.549237 	0.503751 	0.187300 	0.269246 	0.197209 	0.080754 	0.109615 	0.127324 	0.376217 	0.137635 	0.320475 	0.296102 	0.258158 	0.305647 	0.295902 	0.392506 	0.133069 	0.182164 	0.081185 	0.080320 	0.058327 	0.411648 	0.360048 	0.280526 	0.311572 	0.254866 	0.234372 	0.218618 	0.391687 	
0.184396 	0.269880 	0.282872 	0.193520 	0.182281 	0.161013 	0.225255 	0.450417 	0.156098 	0.411779 	0.219217 	0.245192 	0.192269 	0.032015 	0.000000 	0.083708 	0.447955 	0.331956 	0.397167 	0.342305 	0.318884 	0.272973 	0.161671 	0.191417 	0.153496 	0.175187 	0.148276 	0.063021 	0.068660 	0.483575 	0.488833 	0.517630 	0.471751 	0.165802 	0.250318 	0.179754 	0.112239 	0.140634 	0.147549 	0.346284 	0.105698 	0.290532 	0.265129 	0.227824 	0.276268 	0.266789 	0.360793 	0.103191 	0.151871 	0.057540 	0.048571 	0.027978 	0.385773 	0.332551 	0.256384 	0.286940 	0.231100 	0.212043 	0.210932 	0.375179 	
0.266883 	0.345640 	0.365040 	0.276307 	0.265441 	0.244590 	0.307600 	0.531759 	0.233048 	0.491604 	0.297517 	0.322827 	0.275715 	0.052395 	0.083708 	0.000000 	0.531533 	0.415637 	0.480661 	0.425994 	0.398209 	0.353666 	0.239709 	0.270169 	0.231517 	0.253108 	0.224300 	0.121633 	0.057673 	0.567239 	0.572168 	0.601338 	0.554088 	0.234559 	0.313273 	0.240785 	0.028550 	0.057236 	0.094244 	0.428459 	0.189235 	0.372733 	0.348484 	0.310520 	0.357713 	0.347860 	0.441276 	0.185405 	0.234535 	0.121988 	0.130598 	0.107472 	0.461363 	0.411032 	0.329196 	0.360519 	0.303362 	0.281825 	0.251176 	0.432202 	
0.266825 	0.233807 	0.174297 	0.256735 	0.266588 	0.286951 	0.227753 	0.088660 	0.326399 	0.122393 	0.273620 	0.261313 	0.259715 	0.479808 	0.447955 	0.531533 	0.000000 	0.120985 	0.051345 	0.106619 	0.172225 	0.194862 	0.317404 	0.291043 	0.323834 	0.307654 	0.323422 	0.432933 	0.502756 	0.037613 	0.045171 	0.075427 	0.066444 	0.352882 	0.347796 	0.375281 	0.560082 	0.587871 	0.569093 	0.147921 	0.342300 	0.186060 	0.191550 	0.233297 	0.206186 	0.217205 	0.131962 	0.351304 	0.303561 	0.420498 	0.401356 	0.424793 	0.233325 	0.209327 	0.289297 	0.272202 	0.303833 	0.325797 	0.440223 	0.385009 	
0.158487 	0.168294 	0.089944 	0.147907 	0.155166 	0.172424 	0.125138 	0.162054 	0.205424 	0.155364 	0.154612 	0.145788 	0.140683 	0.363424 	0.331956 	0.415637 	0.120985 	0.000000 	0.075915 	0.020522 	0.127483 	0.116473 	0.196423 	0.170410 	0.202856 	0.186806 	0.221549 	0.312913 	0.383784 	0.153716 	0.165409 	0.186065 	0.165502 	0.232763 	0.237423 	0.256500 	0.444129 	0.472555 	0.460925 	0.064122 	0.227264 	0.071187 	0.070606 	0.112325 	0.090688 	0.100830 	0.119428 	0.232536 	0.183992 	0.310424 	0.287000 	0.310459 	0.171469 	0.121411 	0.178614 	0.168733 	0.188926 	0.209058 	0.323733 	0.300498 	
0.215527 	0.186980 	0.123461 	0.205473 	0.215478 	0.236167 	0.176411 	0.092759 	0.279732 	0.103995 	0.230520 	0.221144 	0.210410 	0.429072 	0.397167 	0.480661 	0.051345 	0.075915 	0.000000 	0.058429 	0.127861 	0.145033 	0.270685 	0.245672 	0.276740 	0.261681 	0.272241 	0.383821 	0.452866 	0.088518 	0.092235 	0.125533 	0.090192 	0.308331 	0.311413 	0.332395 	0.509204 	0.536872 	0.517771 	0.119175 	0.291472 	0.145798 	0.144871 	0.186490 	0.165745 	0.176240 	0.093925 	0.301540 	0.254391 	0.369167 	0.350343 	0.373755 	0.218849 	0.182630 	0.252464 	0.239341 	0.264237 	0.284812 	0.399528 	0.362865 	
0.164354 	0.160610 	0.084643 	0.153912 	0.162531 	0.181599 	0.128025 	0.141847 	0.221311 	0.135118 	0.172976 	0.165360 	0.153096 	0.374029 	0.342305 	0.425994 	0.106619 	0.020522 	0.058429 	0.000000 	0.114113 	0.110542 	0.212266 	0.187348 	0.218360 	0.203270 	0.225224 	0.326347 	0.396200 	0.141336 	0.149936 	0.175603 	0.146662 	0.250124 	0.257503 	0.274675 	0.454536 	0.482627 	0.467750 	0.081560 	0.236895 	0.091362 	0.086455 	0.128062 	0.110594 	0.120468 	0.101131 	0.244739 	0.196950 	0.317770 	0.296367 	0.319851 	0.188926 	0.141017 	0.198781 	0.189250 	0.208469 	0.228102 	0.342629 	0.320637 	
0.139847 	0.063241 	0.056657 	0.133646 	0.147031 	0.171347 	0.102178 	0.137419 	0.247714 	0.093511 	0.226003 	0.231409 	0.169437 	0.350322 	0.318884 	0.398209 	0.172225 	0.127483 	0.127861 	0.114113 	0.000000 	0.048910 	0.239519 	0.226518 	0.242279 	0.236469 	0.174708 	0.324682 	0.383328 	0.208909 	0.198732 	0.246966 	0.166087 	0.285370 	0.323328 	0.315487 	0.425954 	0.450971 	0.417526 	0.191033 	0.219198 	0.176108 	0.145493 	0.171469 	0.188609 	0.193880 	0.045972 	0.242319 	0.206714 	0.277903 	0.270345 	0.292050 	0.297276 	0.241924 	0.270064 	0.272015 	0.269661 	0.281693 	0.387350 	0.412099 	
0.091433 	0.052548 	0.026534 	0.084841 	0.098188 	0.122515 	0.053283 	0.178238 	0.199738 	0.139113 	0.182783 	0.191324 	0.121921 	0.304699 	0.272973 	0.353666 	0.194862 	0.116473 	0.145033 	0.110542 	0.048910 	0.000000 	0.191727 	0.180565 	0.194143 	0.189416 	0.133003 	0.276249 	0.336249 	0.232473 	0.228395 	0.270134 	0.202695 	0.237893 	0.280781 	0.268381 	0.381728 	0.407536 	0.379005 	0.174219 	0.171434 	0.146406 	0.110380 	0.128830 	0.155058 	0.158247 	0.087822 	0.193580 	0.157995 	0.235094 	0.224419 	0.246686 	0.275229 	0.215822 	0.230182 	0.235966 	0.227052 	0.237135 	0.340204 	0.376964 	
0.114246 	0.220399 	0.186051 	0.114446 	0.102343 	0.083527 	0.139991 	0.344758 	0.009056 	0.319161 	0.057840 	0.083556 	0.070117 	0.188647 	0.161671 	0.239709 	0.317404 	0.196423 	0.270685 	0.212266 	0.239519 	0.191727 	0.000000 	0.030611 	0.008209 	0.013518 	0.148001 	0.123055 	0.196860 	0.349200 	0.361736 	0.379099 	0.356771 	0.046508 	0.115311 	0.077700 	0.266758 	0.296311 	0.307971 	0.193180 	0.089441 	0.138837 	0.125982 	0.084235 	0.121325 	0.110643 	0.268259 	0.063923 	0.041455 	0.169476 	0.131891 	0.150874 	0.224260 	0.171409 	0.098705 	0.127397 	0.075954 	0.066093 	0.148981 	0.239556 	
0.114709 	0.215370 	0.171029 	0.112082 	0.102119 	0.089232 	0.132015 	0.323355 	0.038319 	0.300980 	0.027877 	0.054141 	0.060881 	0.218918 	0.191417 	0.270169 	0.291043 	0.170410 	0.245672 	0.187348 	0.226518 	0.180565 	0.030611 	0.000000 	0.038726 	0.017785 	0.160170 	0.153554 	0.227402 	0.321880 	0.335745 	0.350889 	0.333274 	0.063070 	0.106769 	0.090386 	0.297303 	0.326847 	0.336932 	0.163170 	0.110833 	0.109523 	0.101026 	0.060426 	0.091385 	0.080512 	0.251203 	0.091009 	0.054069 	0.195416 	0.159142 	0.179205 	0.195413 	0.141199 	0.075929 	0.101676 	0.057862 	0.058519 	0.161757 	0.224457 	
0.114120 	0.221071 	0.189514 	0.115078 	0.102566 	0.082454 	0.141853 	0.349696 	0.006740 	0.323208 	0.066046 	0.091754 	0.073362 	0.180439 	0.153496 	0.231517 	0.323834 	0.202856 	0.276740 	0.218360 	0.242279 	0.194143 	0.008209 	0.038726 	0.000000 	0.021714 	0.144347 	0.115154 	0.188903 	0.355921 	0.368029 	0.386107 	0.362312 	0.046060 	0.120029 	0.077448 	0.258592 	0.288141 	0.299891 	0.200904 	0.083579 	0.146343 	0.132296 	0.090537 	0.129061 	0.118459 	0.272065 	0.056512 	0.040004 	0.162070 	0.124220 	0.142945 	0.232383 	0.179616 	0.106155 	0.135180 	0.082886 	0.071384 	0.147824 	0.245181 	
0.116679 	0.220923 	0.181936 	0.115649 	0.104358 	0.087873 	0.138903 	0.337720 	0.020567 	0.313729 	0.044409 	0.070040 	0.067618 	0.202124 	0.175187 	0.253108 	0.307654 	0.186806 	0.261681 	0.203270 	0.236469 	0.189416 	0.013518 	0.017785 	0.021714 	0.000000 	0.155580 	0.135884 	0.209757 	0.338882 	0.352214 	0.368220 	0.348636 	0.049349 	0.107610 	0.079026 	0.280085 	0.309646 	0.321420 	0.180946 	0.100381 	0.127143 	0.116815 	0.075418 	0.109144 	0.098292 	0.263327 	0.076783 	0.047784 	0.182173 	0.144927 	0.164185 	0.210783 	0.157957 	0.086291 	0.114394 	0.064587 	0.058012 	0.150890 	0.229912 	
0.065458 	0.121826 	0.149506 	0.075683 	0.073568 	0.072847 	0.097201 	0.310533 	0.151011 	0.268211 	0.181155 	0.203961 	0.113833 	0.178474 	0.148276 	0.224300 	0.323422 	0.221549 	0.272241 	0.225224 	0.174708 	0.133003 	0.148001 	0.160170 	0.144347 	0.155580 	0.000000 	0.170512 	0.215861 	0.360759 	0.359850 	0.397481 	0.335697 	0.187608 	0.263005 	0.217500 	0.251699 	0.276316 	0.246411 	0.258475 	0.070435 	0.208614 	0.171320 	0.151891 	0.203500 	0.198759 	0.218991 	0.105551 	0.107803 	0.103224 	0.101230 	0.120473 	0.333858 	0.271881 	0.234914 	0.256318 	0.217940 	0.213452 	0.281194 	0.384550 	
0.184858 	0.285022 	0.280343 	0.191701 	0.178642 	0.154527 	0.224098 	0.447812 	0.115335 	0.414342 	0.179785 	0.204072 	0.173412 	0.076273 	0.063021 	0.121633 	0.432933 	0.312913 	0.383821 	0.326347 	0.324682 	0.276249 	0.123055 	0.153554 	0.115154 	0.135884 	0.170512 	0.000000 	0.073892 	0.466621 	0.476010 	0.498320 	0.464991 	0.112934 	0.193122 	0.120956 	0.146763 	0.176228 	0.203561 	0.315951 	0.106790 	0.261025 	0.242814 	0.202017 	0.244151 	0.233607 	0.362398 	0.083749 	0.129439 	0.109516 	0.078051 	0.075433 	0.340563 	0.292360 	0.207852 	0.239279 	0.181976 	0.160197 	0.147968 	0.315539 	
0.245671 	0.336819 	0.343763 	0.253911 	0.241661 	0.218611 	0.286311 	0.511931 	0.189216 	0.475360 	0.253671 	0.277837 	0.243244 	0.045589 	0.068660 	0.057673 	0.502756 	0.383784 	0.452866 	0.396200 	0.383328 	0.336249 	0.196860 	0.227402 	0.188903 	0.209757 	0.215861 	0.073892 	0.000000 	0.537206 	0.545070 	0.569719 	0.531310 	0.184450 	0.259227 	0.187008 	0.077070 	0.105508 	0.150897 	0.389452 	0.165213 	0.334290 	0.314364 	0.274255 	0.317737 	0.307284 	0.423835 	0.151461 	0.199819 	0.124548 	0.114722 	0.096511 	0.413159 	0.366062 	0.279956 	0.311489 	0.254084 	0.231327 	0.193545 	0.375871 	
0.303491 	0.270931 	0.211803 	0.293307 	0.302846 	0.322703 	0.264776 	0.109260 	0.358116 	0.151077 	0.302848 	0.288531 	0.293961 	0.515334 	0.483575 	0.567239 	0.037613 	0.153716 	0.088518 	0.141336 	0.208909 	0.232473 	0.349200 	0.321880 	0.355921 	0.338882 	0.360759 	0.466621 	0.537206 	0.000000 	0.033001 	0.038077 	0.077708 	0.382761 	0.371466 	0.403733 	0.595787 	0.623769 	0.606182 	0.170479 	0.378051 	0.214437 	0.224114 	0.265609 	0.234319 	0.245524 	0.167329 	0.385788 	0.337552 	0.457253 	0.437348 	0.460817 	0.243305 	0.228331 	0.313832 	0.294141 	0.330229 	0.353058 	0.466665 	0.397928 	
0.306025 	0.261856 	0.210431 	0.296220 	0.306740 	0.327949 	0.266052 	0.082803 	0.370754 	0.129289 	0.318674 	0.306483 	0.302605 	0.520788 	0.488833 	0.572168 	0.045171 	0.165409 	0.092235 	0.149936 	0.198732 	0.228395 	0.361736 	0.335745 	0.368029 	0.352214 	0.359850 	0.476010 	0.545070 	0.033001 	0.000000 	0.058400 	0.048221 	0.397784 	0.392626 	0.420390 	0.600692 	0.628119 	0.606217 	0.192216 	0.383153 	0.231224 	0.235762 	0.277527 	0.251352 	0.262363 	0.154420 	0.393771 	0.346572 	0.459007 	0.441667 	0.465005 	0.272267 	0.252647 	0.334242 	0.316581 	0.348980 	0.370968 	0.485386 	0.425865 	
0.339181 	0.309003 	0.248994 	0.328883 	0.337987 	0.357164 	0.301042 	0.141052 	0.387894 	0.186071 	0.330320 	0.314101 	0.326745 	0.549237 	0.517630 	0.601338 	0.075427 	0.186065 	0.125533 	0.175603 	0.246966 	0.270134 	0.379099 	0.350889 	0.386107 	0.368220 	0.397481 	0.498320 	0.569719 	0.038077 	0.058400 	0.000000 	0.106579 	0.410475 	0.392829 	0.429849 	0.629864 	0.658093 	0.642340 	0.193642 	0.412411 	0.241946 	0.255526 	0.296470 	0.261341 	0.272596 	0.205100 	0.418583 	0.369902 	0.492923 	0.471949 	0.495435 	0.252809 	0.246824 	0.336512 	0.314457 	0.354642 	0.378199 	0.490408 	0.408238 	
0.287369 	0.228965 	0.189050 	0.278290 	0.289972 	0.312703 	0.246545 	0.035858 	0.365819 	0.085366 	0.319638 	0.311166 	0.292784 	0.503751 	0.471751 	0.554088 	0.066444 	0.165502 	0.090192 	0.146662 	0.166087 	0.202695 	0.356771 	0.333274 	0.362312 	0.348636 	0.335697 	0.464991 	0.531310 	0.077708 	0.048221 	0.106579 	0.000000 	0.396270 	0.401583 	0.421291 	0.582431 	0.608965 	0.581450 	0.206551 	0.366885 	0.235940 	0.232289 	0.273228 	0.255831 	0.266221 	0.120169 	0.381511 	0.336503 	0.437366 	0.423670 	0.446625 	0.298361 	0.269630 	0.342636 	0.328878 	0.354288 	0.374546 	0.489184 	0.448057 	
0.160130 	0.266785 	0.231180 	0.160783 	0.148462 	0.128480 	0.186441 	0.386353 	0.039561 	0.363034 	0.080156 	0.099175 	0.116007 	0.187300 	0.165802 	0.234559 	0.352882 	0.232763 	0.308331 	0.250124 	0.285370 	0.237893 	0.046508 	0.063070 	0.046060 	0.049349 	0.187608 	0.112934 	0.184450 	0.382761 	0.397784 	0.410475 	0.396270 	0.000000 	0.086264 	0.031396 	0.259467 	0.288811 	0.312927 	0.219148 	0.121891 	0.168604 	0.163982 	0.123460 	0.149146 	0.137895 	0.312676 	0.088613 	0.086044 	0.188225 	0.148703 	0.162756 	0.228835 	0.184888 	0.095525 	0.127065 	0.069682 	0.047267 	0.102495 	0.213184 	
0.221478 	0.320036 	0.266674 	0.218635 	0.208888 	0.194908 	0.236122 	0.399343 	0.113742 	0.386392 	0.098028 	0.093858 	0.166707 	0.269246 	0.250318 	0.313273 	0.347796 	0.237423 	0.311413 	0.257503 	0.323328 	0.280781 	0.115311 	0.106769 	0.120029 	0.107610 	0.263005 	0.193122 	0.259227 	0.371466 	0.392626 	0.392829 	0.401583 	0.086264 	0.000000 	0.072488 	0.336116 	0.364730 	0.396208 	0.201019 	0.203246 	0.166238 	0.181487 	0.152153 	0.146957 	0.137574 	0.340450 	0.172579 	0.155331 	0.274406 	0.234918 	0.248845 	0.170480 	0.147205 	0.058950 	0.078731 	0.053755 	0.049600 	0.101967 	0.127022 	
0.191526 	0.298088 	0.260738 	0.192105 	0.179837 	0.159831 	0.217350 	0.412912 	0.070956 	0.391364 	0.101907 	0.115771 	0.146478 	0.197209 	0.179754 	0.240785 	0.375281 	0.256500 	0.332395 	0.274675 	0.315487 	0.268381 	0.077700 	0.090386 	0.077448 	0.079026 	0.217500 	0.120956 	0.187008 	0.403733 	0.420390 	0.429849 	0.421291 	0.031396 	0.072488 	0.000000 	0.263770 	0.292508 	0.324410 	0.236716 	0.150160 	0.189446 	0.189514 	0.150367 	0.169448 	0.158285 	0.341517 	0.115607 	0.117412 	0.209363 	0.169947 	0.181079 	0.232607 	0.195596 	0.101359 	0.131770 	0.077745 	0.052941 	0.071865 	0.195425 	
0.295308 	0.372664 	0.393382 	0.304773 	0.293957 	0.273140 	0.335989 	0.559891 	0.259870 	0.519407 	0.324472 	0.349550 	0.304111 	0.080754 	0.112239 	0.028550 	0.560082 	0.444129 	0.509204 	0.454536 	0.425954 	0.381728 	0.266758 	0.297303 	0.258592 	0.280085 	0.251699 	0.146763 	0.077070 	0.595787 	0.600692 	0.629864 	0.582431 	0.259467 	0.336116 	0.263770 	0.000000 	0.029577 	0.088930 	0.456389 	0.217785 	0.400695 	0.376833 	0.338663 	0.385454 	0.375500 	0.469248 	0.213538 	0.262717 	0.148833 	0.159077 	0.135880 	0.487264 	0.437852 	0.354605 	0.386042 	0.328724 	0.306654 	0.268574 	0.452717 	
0.322316 	0.396331 	0.419999 	0.331954 	0.321435 	0.301069 	0.362820 	0.585774 	0.289441 	0.544482 	0.354037 	0.379127 	0.332838 	0.109615 	0.140634 	0.057236 	0.587871 	0.472555 	0.536872 	0.482627 	0.450971 	0.407536 	0.296311 	0.326847 	0.288141 	0.309646 	0.276316 	0.176228 	0.105508 	0.623769 	0.628119 	0.658093 	0.608965 	0.288811 	0.364730 	0.292508 	0.029577 	0.000000 	0.082599 	0.485660 	0.245736 	0.429943 	0.405646 	0.367756 	0.414830 	0.404919 	0.494760 	0.242641 	0.291770 	0.173093 	0.186529 	0.163131 	0.516770 	0.467427 	0.384034 	0.415489 	0.358148 	0.335958 	0.294579 	0.480136 	
0.303406 	0.357968 	0.395799 	0.313838 	0.305777 	0.289680 	0.341407 	0.554826 	0.302956 	0.509908 	0.364805 	0.391043 	0.327720 	0.127324 	0.147549 	0.094244 	0.569093 	0.460925 	0.517771 	0.467750 	0.417526 	0.379005 	0.307971 	0.336932 	0.299891 	0.321420 	0.246411 	0.203561 	0.150897 	0.606182 	0.606217 	0.642340 	0.581450 	0.312927 	0.396208 	0.324410 	0.088930 	0.082599 	0.000000 	0.484694 	0.237453 	0.429517 	0.399489 	0.366236 	0.417291 	0.408648 	0.463035 	0.246365 	0.292272 	0.150642 	0.179672 	0.158029 	0.532180 	0.477207 	0.403845 	0.434235 	0.378631 	0.359474 	0.342885 	0.519002 	
0.193020 	0.226767 	0.148179 	0.182840 	0.186027 	0.196828 	0.168779 	0.211833 	0.201396 	0.214255 	0.139579 	0.121028 	0.157022 	0.376217 	0.346284 	0.428459 	0.147921 	0.064122 	0.119175 	0.081560 	0.191033 	0.174219 	0.193180 	0.163170 	0.200904 	0.180946 	0.258475 	0.315951 	0.389452 	0.170479 	0.192216 	0.193642 	0.206551 	0.219148 	0.201019 	0.236716 	0.456389 	0.485660 	0.484694 	0.000000 	0.247241 	0.055756 	0.087480 	0.118789 	0.071855 	0.082662 	0.182672 	0.243217 	0.194451 	0.334953 	0.305772 	0.328537 	0.107477 	0.063461 	0.143445 	0.124366 	0.161002 	0.184680 	0.296916 	0.243843 	
0.080468 	0.178330 	0.178652 	0.088798 	0.076928 	0.055357 	0.121119 	0.346782 	0.089612 	0.310433 	0.136989 	0.162849 	0.090298 	0.137635 	0.105698 	0.189235 	0.342300 	0.227264 	0.291472 	0.236895 	0.219198 	0.171434 	0.089441 	0.110833 	0.083579 	0.100381 	0.070435 	0.106790 	0.165213 	0.378051 	0.383153 	0.412411 	0.366885 	0.121891 	0.203246 	0.150160 	0.217785 	0.245736 	0.237453 	0.247241 	0.000000 	0.192158 	0.162597 	0.128950 	0.180721 	0.172747 	0.258764 	0.035434 	0.058341 	0.088452 	0.059760 	0.083199 	0.302487 	0.243870 	0.186149 	0.212460 	0.164938 	0.154957 	0.211335 	0.328759 	
0.143620 	0.197226 	0.123507 	0.134052 	0.135138 	0.143298 	0.126435 	0.233191 	0.147324 	0.223370 	0.088500 	0.075545 	0.102311 	0.320475 	0.290532 	0.372733 	0.186060 	0.071187 	0.145798 	0.091362 	0.176108 	0.146406 	0.138837 	0.109523 	0.146343 	0.127143 	0.208614 	0.261025 	0.334290 	0.214437 	0.231224 	0.241946 	0.235940 	0.168604 	0.166238 	0.189446 	0.400695 	0.429943 	0.429517 	0.055756 	0.192158 	0.000000 	0.039681 	0.063296 	0.020144 	0.031172 	0.181621 	0.187462 	0.138716 	0.280236 	0.250311 	0.272969 	0.131671 	0.070124 	0.107436 	0.099622 	0.118522 	0.139814 	0.254432 	0.236857 	
0.105901 	0.159648 	0.089980 	0.095932 	0.098558 	0.110167 	0.086755 	0.223547 	0.135009 	0.205562 	0.089081 	0.087769 	0.072900 	0.296102 	0.265129 	0.348484 	0.191550 	0.070606 	0.144871 	0.086455 	0.145493 	0.110380 	0.125982 	0.101026 	0.132296 	0.116815 	0.171320 	0.242814 	0.314364 	0.224114 	0.235762 	0.255526 	0.232289 	0.163982 	0.181487 	0.189514 	0.376833 	0.405646 	0.399489 	0.087480 	0.162597 	0.039681 	0.000000 	0.041766 	0.044698 	0.048493 	0.158968 	0.163798 	0.114729 	0.249100 	0.222064 	0.245278 	0.171241 	0.109304 	0.125618 	0.126709 	0.129047 	0.145724 	0.258944 	0.267372 	
0.090125 	0.171177 	0.114917 	0.082501 	0.079302 	0.082235 	0.088517 	0.262929 	0.093270 	0.241390 	0.054538 	0.063788 	0.039960 	0.258158 	0.227824 	0.310520 	0.233297 	0.112325 	0.186490 	0.128062 	0.171469 	0.128830 	0.084235 	0.060426 	0.090537 	0.075418 	0.151891 	0.202017 	0.274255 	0.265609 	0.277527 	0.296470 	0.273228 	0.123460 	0.152153 	0.150367 	0.338663 	0.367756 	0.366236 	0.118789 	0.128950 	0.063296 	0.041766 	0.000000 	0.052797 	0.046920 	0.192409 	0.125127 	0.076003 	0.217190 	0.187031 	0.209750 	0.181969 	0.120153 	0.102234 	0.113257 	0.098400 	0.110754 	0.221058 	0.252589 	
0.139830 	0.204162 	0.134047 	0.131018 	0.130101 	0.134982 	0.128377 	0.252404 	0.129560 	0.240914 	0.068994 	0.055450 	0.092752 	0.305647 	0.276268 	0.357713 	0.206186 	0.090688 	0.165745 	0.110594 	0.188609 	0.155058 	0.121325 	0.091385 	0.129061 	0.109144 	0.203500 	0.244151 	0.317737 	0.234319 	0.251352 	0.261341 	0.255831 	0.149146 	0.146957 	0.169448 	0.385454 	0.414830 	0.417291 	0.071855 	0.180721 	0.020144 	0.044698 	0.052797 	0.000000 	0.011255 	0.197581 	0.173087 	0.125195 	0.269159 	0.237665 	0.259904 	0.131279 	0.068806 	0.088441 	0.083816 	0.098496 	0.119671 	0.234296 	0.223513 	
0.136166 	0.206115 	0.138465 	0.127854 	0.125833 	0.128870 	0.128017 	0.262100 	0.118769 	0.249314 	0.057747 	0.044959 	0.086388 	0.295902 	0.266789 	0.347860 	0.217205 	0.100830 	0.176240 	0.120468 	0.193880 	0.158247 	0.110643 	0.080512 	0.118459 	0.098292 	0.198759 	0.233607 	0.307284 	0.245524 	0.262363 	0.272596 	0.266221 	0.137895 	0.137574 	0.158285 	0.375500 	0.404919 	0.408648 	0.082662 	0.172747 	0.031172 	0.048493 	0.046920 	0.011255 	0.000000 	0.204975 	0.163694 	0.116377 	0.261184 	0.228976 	0.250989 	0.135118 	0.073244 	0.079596 	0.078216 	0.088097 	0.108801 	0.223498 	0.218956 	
0.178366 	0.108842 	0.083054 	0.170808 	0.183762 	0.207896 	0.138330 	0.091802 	0.276908 	0.051970 	0.245988 	0.246712 	0.198772 	0.392506 	0.360793 	0.441276 	0.131962 	0.119428 	0.093925 	0.101131 	0.045972 	0.087822 	0.268259 	0.251203 	0.272065 	0.263327 	0.218991 	0.362398 	0.423835 	0.167329 	0.154420 	0.205100 	0.120169 	0.312676 	0.340450 	0.341517 	0.469248 	0.494760 	0.463035 	0.182672 	0.258764 	0.181621 	0.158968 	0.192409 	0.197581 	0.204975 	0.000000 	0.279001 	0.239432 	0.321913 	0.312237 	0.334448 	0.290053 	0.240504 	0.284131 	0.281005 	0.287739 	0.302809 	0.412934 	0.417672 	
0.102740 	0.207185 	0.196690 	0.108749 	0.095478 	0.071187 	0.140894 	0.364064 	0.061336 	0.330969 	0.118778 	0.145110 	0.091867 	0.133069 	0.103191 	0.185405 	0.351304 	0.232536 	0.301540 	0.244739 	0.242319 	0.193580 	0.063923 	0.091009 	0.056512 	0.076783 	0.105551 	0.083749 	0.151461 	0.385788 	0.393771 	0.418583 	0.381511 	0.088613 	0.172579 	0.115607 	0.213538 	0.242641 	0.246365 	0.243217 	0.035434 	0.187462 	0.163798 	0.125127 	0.173087 	0.163694 	0.279001 	0.000000 	0.049212 	0.105572 	0.068215 	0.088379 	0.286389 	0.230863 	0.162605 	0.191176 	0.139331 	0.125961 	0.175907 	0.299223 	
0.074410 	0.181837 	0.156378 	0.076169 	0.063242 	0.042450 	0.104892 	0.321057 	0.046624 	0.291170 	0.078998 	0.104619 	0.043996 	0.182164 	0.151871 	0.234535 	0.303561 	0.183992 	0.254391 	0.196950 	0.206714 	0.157995 	0.041455 	0.054069 	0.040004 	0.047784 	0.107803 	0.129439 	0.199819 	0.337552 	0.346572 	0.369902 	0.336503 	0.086044 	0.155331 	0.117412 	0.262717 	0.291770 	0.292272 	0.194451 	0.058341 	0.138716 	0.114729 	0.076003 	0.125195 	0.116377 	0.239432 	0.049212 	0.000000 	0.145816 	0.112602 	0.134710 	0.244228 	0.186151 	0.129997 	0.154914 	0.110903 	0.105738 	0.187253 	0.277209 	
0.153775 	0.223832 	0.249105 	0.164040 	0.155392 	0.139098 	0.192998 	0.413205 	0.166684 	0.371413 	0.222713 	0.248971 	0.177994 	0.081185 	0.057540 	0.121988 	0.420498 	0.310424 	0.369167 	0.317770 	0.277903 	0.235094 	0.169476 	0.195416 	0.162070 	0.182173 	0.103224 	0.109516 	0.124548 	0.457253 	0.459007 	0.492923 	0.437366 	0.188225 	0.274406 	0.209363 	0.148833 	0.173093 	0.150642 	0.334953 	0.088452 	0.280236 	0.249100 	0.217190 	0.269159 	0.261184 	0.321913 	0.105572 	0.145816 	0.000000 	0.039562 	0.034329 	0.389725 	0.331941 	0.268174 	0.296496 	0.244775 	0.230099 	0.253406 	0.401398 	
0.136339 	0.222159 	0.234672 	0.145710 	0.134933 	0.114790 	0.177126 	0.401987 	0.128452 	0.363208 	0.186823 	0.213165 	0.149388 	0.080320 	0.048571 	0.130598 	0.401356 	0.287000 	0.350343 	0.296367 	0.270345 	0.224419 	0.131891 	0.159142 	0.124220 	0.144927 	0.101230 	0.078051 	0.114722 	0.437348 	0.441667 	0.471949 	0.423670 	0.148703 	0.234918 	0.169947 	0.159077 	0.186529 	0.179672 	0.305772 	0.059760 	0.250311 	0.222064 	0.187031 	0.237665 	0.228976 	0.312237 	0.068215 	0.112602 	0.039562 	0.000000 	0.023486 	0.354394 	0.298035 	0.230326 	0.259276 	0.206451 	0.191039 	0.216279 	0.361886 	
0.159428 	0.242197 	0.257581 	0.168923 	0.158305 	0.138276 	0.200127 	0.424556 	0.146588 	0.385173 	0.207044 	0.233346 	0.172503 	0.058327 	0.027978 	0.107472 	0.424793 	0.310459 	0.373755 	0.319851 	0.292050 	0.246686 	0.150874 	0.179205 	0.142945 	0.164185 	0.120473 	0.075433 	0.096511 	0.460817 	0.465005 	0.495435 	0.446625 	0.162756 	0.248845 	0.181079 	0.135880 	0.163131 	0.158029 	0.328537 	0.083199 	0.272969 	0.245278 	0.209750 	0.259904 	0.250989 	0.334448 	0.088379 	0.134710 	0.034329 	0.023486 	0.000000 	0.374612 	0.319181 	0.248435 	0.278056 	0.223938 	0.207023 	0.220926 	0.375316 	
0.270979 	0.327188 	0.250430 	0.262286 	0.260900 	0.263243 	0.257907 	0.310462 	0.229692 	0.319271 	0.167611 	0.141282 	0.220826 	0.411648 	0.385773 	0.461363 	0.233325 	0.171469 	0.218849 	0.188926 	0.297276 	0.275229 	0.224260 	0.195413 	0.232383 	0.210783 	0.333858 	0.340563 	0.413159 	0.243305 	0.272267 	0.252809 	0.298361 	0.228835 	0.170480 	0.232607 	0.487264 	0.516770 	0.532180 	0.107477 	0.302487 	0.131671 	0.171241 	0.181969 	0.131279 	0.135118 	0.290053 	0.286389 	0.244228 	0.389725 	0.354394 	0.374612 	0.000000 	0.062511 	0.133364 	0.101849 	0.159156 	0.182679 	0.271822 	0.155444 	
0.208602 	0.267120 	0.191972 	0.199824 	0.198691 	0.202029 	0.195724 	0.275246 	0.178004 	0.275777 	0.113570 	0.088339 	0.159532 	0.360048 	0.332551 	0.411032 	0.209327 	0.121411 	0.182630 	0.141017 	0.241924 	0.215822 	0.171409 	0.141199 	0.179616 	0.157957 	0.271881 	0.292360 	0.366062 	0.228331 	0.252647 	0.246824 	0.269630 	0.184888 	0.147205 	0.195596 	0.437852 	0.467427 	0.477207 	0.063461 	0.243870 	0.070124 	0.109304 	0.120153 	0.068806 	0.073244 	0.240504 	0.230863 	0.186151 	0.331941 	0.298035 	0.319181 	0.062511 	0.000000 	0.094951 	0.068494 	0.117940 	0.142794 	0.247599 	0.180648 	
0.183424 	0.273374 	0.213614 	0.178409 	0.171023 	0.162606 	0.190205 	0.340622 	0.101948 	0.328910 	0.054352 	0.038865 	0.126503 	0.280526 	0.256384 	0.329196 	0.289297 	0.178614 	0.252464 	0.198781 	0.270064 	0.230182 	0.098705 	0.075929 	0.106155 	0.086291 	0.234914 	0.207852 	0.279956 	0.313832 	0.334242 	0.336512 	0.342636 	0.095525 	0.058950 	0.101359 	0.354605 	0.384034 	0.403845 	0.143445 	0.186149 	0.107436 	0.125618 	0.102234 	0.088441 	0.079596 	0.284131 	0.162605 	0.129997 	0.268174 	0.230326 	0.248435 	0.133364 	0.094951 	0.000000 	0.031541 	0.025890 	0.049561 	0.154101 	0.152205 	
0.200529 	0.282446 	0.216673 	0.194240 	0.188575 	0.183474 	0.201394 	0.329977 	0.131515 	0.322833 	0.076112 	0.052441 	0.144203 	0.311572 	0.286940 	0.360519 	0.272202 	0.168733 	0.239341 	0.189250 	0.272015 	0.235966 	0.127397 	0.101676 	0.135180 	0.114394 	0.256318 	0.239279 	0.311489 	0.294141 	0.316581 	0.314457 	0.328878 	0.127065 	0.078731 	0.131770 	0.386042 	0.415489 	0.434235 	0.124366 	0.212460 	0.099622 	0.126709 	0.113257 	0.083816 	0.078216 	0.281005 	0.191176 	0.154914 	0.296496 	0.259276 	0.278056 	0.101849 	0.068494 	0.031541 	0.000000 	0.057406 	0.080877 	0.179374 	0.141003 	
0.171031 	0.266954 	0.213019 	0.167288 	0.158439 	0.147002 	0.183055 	0.349830 	0.078093 	0.334547 	0.044408 	0.043138 	0.114971 	0.254866 	0.231100 	0.303362 	0.303833 	0.188926 	0.264237 	0.208469 	0.269661 	0.227052 	0.075954 	0.057862 	0.082886 	0.064587 	0.217940 	0.181976 	0.254084 	0.330229 	0.348980 	0.354642 	0.354288 	0.069682 	0.053755 	0.077745 	0.328724 	0.358148 	0.378631 	0.161002 	0.164938 	0.118522 	0.129047 	0.098400 	0.098496 	0.088097 	0.287739 	0.139331 	0.110903 	0.244775 	0.206451 	0.223938 	0.159156 	0.117940 	0.025890 	0.057406 	0.000000 	0.024855 	0.136500 	0.166620 	
0.172809 	0.273671 	0.225383 	0.170539 	0.160268 	0.145497 	0.190047 	0.368575 	0.065423 	0.350900 	0.056888 	0.064566 	0.119315 	0.234372 	0.212043 	0.281825 	0.325797 	0.209058 	0.284812 	0.228102 	0.281693 	0.237135 	0.066093 	0.058519 	0.071384 	0.058012 	0.213452 	0.160197 	0.231327 	0.353058 	0.370968 	0.378199 	0.374546 	0.047267 	0.049600 	0.052941 	0.306654 	0.335958 	0.359474 	0.184680 	0.154957 	0.139814 	0.145724 	0.110754 	0.119671 	0.108801 	0.302809 	0.125961 	0.105738 	0.230099 	0.191039 	0.207023 	0.182679 	0.142794 	0.049561 	0.080877 	0.024855 	0.000000 	0.114728 	0.173822 	
0.261663 	0.368888 	0.332508 	0.262902 	0.250323 	0.229264 	0.288935 	0.482437 	0.141630 	0.462422 	0.170028 	0.178948 	0.218285 	0.218618 	0.210932 	0.251176 	0.440223 	0.323733 	0.399528 	0.342629 	0.387350 	0.340204 	0.148981 	0.161757 	0.147824 	0.150890 	0.281194 	0.147968 	0.193545 	0.466665 	0.485386 	0.490408 	0.489184 	0.102495 	0.101967 	0.071865 	0.268574 	0.294579 	0.342885 	0.296916 	0.211335 	0.254432 	0.258944 	0.221058 	0.234296 	0.223498 	0.412934 	0.175907 	0.187253 	0.253406 	0.216279 	0.220926 	0.271822 	0.247599 	0.154101 	0.179374 	0.136500 	0.114728 	0.000000 	0.189263 	
0.335559 	0.423108 	0.357325 	0.330609 	0.323112 	0.313383 	0.341105 	0.455608 	0.239240 	0.455749 	0.206332 	0.189053 	0.278667 	0.391687 	0.375179 	0.432202 	0.385009 	0.300498 	0.362865 	0.320637 	0.412099 	0.376964 	0.239556 	0.224457 	0.245181 	0.229912 	0.384550 	0.315539 	0.375871 	0.397928 	0.425865 	0.408238 	0.448057 	0.213184 	0.127022 	0.195425 	0.452717 	0.480136 	0.519002 	0.243843 	0.328759 	0.236857 	0.267372 	0.252589 	0.223513 	0.218956 	0.417672 	0.299223 	0.277209 	0.401398 	0.361886 	0.375316 	0.155444 	0.180648 	0.152205 	0.141003 	0.166620 	0.173822 	0.189263 	0.000000 	

24167.102925 	3854.567271 	1690.561485 	8805.962647 	9517.543992 	2522.729196 	2991.454642 	7415.504712 	12155.676977 	8728.281758 	429.629439 	583.370241 	278.609393 	134.131437 	814.188879 	32.990800 	505.439439 	182.414076 	105.188100 	56.785926 	3710.520124 	117.485346 	982.050876 	70.402120 	2266.974920 	3399.672312 	953.551954 	763.986469 	215.522271 	18.256025 	105.642318 	233.993050 	873.297415 	552.147706 	38.368365 	47.044983 	683.757827 	799.687244 	48.091389 	1354.585581 	7882.802419 	4230.606487 	296.784363 	248.367902 	16.446339 	44.468952 	1643.397822 	1253.620071 	553.955337 	4593.920143 	1574.855637 	10733.544486 	27.822730 	9.109513 	155.720439 	10.846705 	41.682903 	18.536754 	29.511828 	1.853658 	
1670.895882 	237.253441 	13.425367 	798.922905 	456.708193 	4.549998 	6.934294 	380.558829 	191.311707 	116.702682 	0.378049 	13.831707 	0.741463 	0.024390 	5.141463 	0.000000 	3.585367 	0.859512 	2.268292 	0.024390 	120.359441 	5.708293 	1.735780 	0.195121 	3.688902 	25.028881 	0.546489 	0.048780 	0.853659 	0.195121 	1.341463 	2.719512 	444.359367 	3.490246 	0.000000 	0.000000 	0.597560 	0.000000 	0.000000 	0.012195 	182.678415 	13.423414 	1.073170 	0.414634 	0.000000 	0.292683 	27.529269 	78.278047 	0.930489 	11.964438 	6.329269 	269.769463 	0.000000 	0.414634 	0.058536 	0.000000 	1.097560 	0.000000 	0.024390 	0.000000 	
668.571925 	24.298512 	171.619196 	28.394047 	6.026584 	5.780487 	24.197001 	508.190758 	40.234659 	3436.090980 	20.846343 	13.130489 	1.010976 	0.036585 	19.024389 	0.000000 	4.609754 	15.197559 	3.607804 	11.358142 	119.879664 	22.853706 	9.196827 	10.975609 	13.882927 	17.206341 	4.028170 	4.475611 	0.048780 	0.170731 	1.941460 	15.000000 	27.170731 	5.682927 	0.073170 	0.053073 	3.823657 	0.390243 	2.631706 	2.336586 	67.541808 	16.585368 	33.621952 	7.243904 	0.463414 	2.185561 	88.933317 	1.036584 	0.036585 	31.978903 	4.181707 	105.746338 	0.000000 	0.000000 	2.658537 	1.560975 	0.268291 	0.036585 	0.000000 	0.000000 	
14791.716993 	1069.652634 	156.799145 	2651.027309 	5228.615415 	605.287218 	1357.307250 	3105.936288 	5795.373683 	4870.521681 	438.290073 	160.602441 	56.790466 	138.468267 	393.882046 	27.135000 	176.638977 	64.021660 	115.349292 	20.480244 	495.382803 	16.214146 	222.542122 	40.338289 	1781.142829 	2281.051610 	92.178952 	241.723026 	227.781655 	54.035071 	101.968291 	87.470950 	589.610710 	247.457904 	10.936584 	19.673950 	295.807854 	390.786755 	12.350976 	1160.080074 	1705.599167 	960.180857 	122.155905 	41.528731 	7.854391 	36.209392 	430.710831 	376.620097 	36.292147 	1216.490393 	192.347464 	3121.925997 	43.098048 	24.936635 	67.503367 	12.856098 	2.295122 	5.272147 	24.080488 	0.804877 	
5573.829338 	174.786123 	38.548000 	915.720542 	1323.205587 	840.386802 	139.352173 	1666.938361 	2670.832614 	1327.936294 	117.719904 	144.905732 	358.481268 	105.744853 	139.701294 	3.039439 	69.687121 	25.056852 	8.839026 	3.186196 	260.682393 	5.940292 	68.922535 	5.790949 	1036.747809 	189.721266 	55.800927 	86.482242 	37.792414 	0.948781 	5.697609 	9.590268 	263.749485 	111.577803 	0.597561 	14.975853 	260.103267 	128.062633 	16.741195 	156.378217 	1122.581637 	669.690537 	14.577488 	15.034197 	0.977073 	5.875363 	152.312091 	171.948561 	35.330197 	542.016000 	108.327119 	1592.309170 	4.243903 	0.417073 	14.698390 	3.353658 	0.000000 	2.236585 	2.483559 	0.000000 	
