90 

4 

0.000000 	0.013334 	0.021920 	0.107702 	0.099554 	0.010589 	0.066110 	0.012606 	0.023041 	0.033185 	0.266460 	0.120570 	0.230125 	0.173852 	0.207917 	0.096772 	0.148448 	0.056930 	0.123279 	0.160350 	0.149835 	0.066297 	0.067813 	0.046240 	0.216388 	0.184396 	0.266883 	0.266825 	0.158487 	0.215527 	0.164354 	0.150168 	0.139847 	0.147358 	0.096450 	0.136706 	0.114246 	0.114120 	0.109144 	0.082307 	0.115916 	0.119400 	0.116679 	0.065458 	0.097600 	0.184858 	0.198429 	0.225169 	0.245671 	0.306025 	0.339181 	0.287369 	0.160130 	0.189039 	0.170526 	0.182570 	0.221478 	0.295308 	0.322316 	0.303406 	0.193020 	0.205688 	0.095270 	0.080468 	0.143620 	0.110066 	0.105901 	0.090125 	0.145667 	0.136166 	0.170194 	0.178366 	0.102740 	0.140420 	0.117407 	0.074410 	0.085473 	0.132731 	0.153775 	0.136339 	0.085099 	0.156048 	0.159428 	0.270979 	0.183424 	0.171031 	0.221633 	0.172809 	0.314392 	0.261663 	
0.013334 	0.000000 	0.029603 	0.114533 	0.105401 	0.023697 	0.075627 	0.018960 	0.036156 	0.028210 	0.278979 	0.117268 	0.241901 	0.186760 	0.220309 	0.100256 	0.153474 	0.061685 	0.126306 	0.166441 	0.154669 	0.055782 	0.066527 	0.034200 	0.203546 	0.171583 	0.253846 	0.280155 	0.171476 	0.228854 	0.177606 	0.162797 	0.150769 	0.158527 	0.108724 	0.133065 	0.111710 	0.110640 	0.104118 	0.081786 	0.117414 	0.115363 	0.115658 	0.054617 	0.088221 	0.174125 	0.187525 	0.213635 	0.233537 	0.319289 	0.352502 	0.300292 	0.156641 	0.188305 	0.165979 	0.177278 	0.222124 	0.282243 	0.309154 	0.290144 	0.204522 	0.218294 	0.083561 	0.068564 	0.154032 	0.115492 	0.117126 	0.097957 	0.155640 	0.144633 	0.182228 	0.190300 	0.093257 	0.129331 	0.109512 	0.070644 	0.078731 	0.123414 	0.140444 	0.123380 	0.072400 	0.143219 	0.146374 	0.279735 	0.187073 	0.173055 	0.226114 	0.172917 	0.301853 	0.257095 	
0.021920 	0.029603 	0.000000 	0.085929 	0.077636 	0.023314 	0.078374 	0.033719 	0.020800 	0.054854 	0.252160 	0.142433 	0.213627 	0.161623 	0.193265 	0.115725 	0.165460 	0.075657 	0.142337 	0.176032 	0.167043 	0.085380 	0.089443 	0.063362 	0.230257 	0.198471 	0.279640 	0.258912 	0.156826 	0.207617 	0.159973 	0.150845 	0.121710 	0.129669 	0.081979 	0.158594 	0.136003 	0.136005 	0.131030 	0.103634 	0.136085 	0.141316 	0.138030 	0.065266 	0.092220 	0.203602 	0.216932 	0.242631 	0.261816 	0.296408 	0.332577 	0.274899 	0.181993 	0.210126 	0.192446 	0.204455 	0.241812 	0.307843 	0.334106 	0.310206 	0.197811 	0.205981 	0.112629 	0.097533 	0.151961 	0.127028 	0.112748 	0.104387 	0.155013 	0.148590 	0.154498 	0.162370 	0.122804 	0.158696 	0.138511 	0.096329 	0.106985 	0.152945 	0.162834 	0.149944 	0.100155 	0.170152 	0.172398 	0.281967 	0.201610 	0.190592 	0.238856 	0.193533 	0.329289 	0.283582 	
0.107702 	0.114533 	0.085929 	0.000000 	0.012449 	0.106011 	0.144804 	0.118612 	0.094250 	0.140780 	0.199100 	0.227338 	0.152273 	0.127823 	0.142976 	0.192666 	0.234934 	0.154510 	0.218490 	0.241119 	0.237012 	0.169149 	0.173764 	0.145961 	0.300291 	0.269880 	0.345640 	0.233807 	0.168294 	0.186980 	0.160610 	0.171646 	0.063241 	0.072153 	0.066772 	0.243621 	0.220399 	0.221071 	0.216799 	0.186904 	0.215493 	0.226665 	0.220923 	0.121826 	0.125744 	0.285022 	0.297743 	0.320944 	0.336819 	0.261856 	0.309003 	0.228965 	0.266785 	0.291403 	0.277895 	0.290207 	0.320036 	0.372664 	0.396331 	0.357968 	0.226767 	0.218119 	0.193300 	0.178330 	0.197226 	0.198394 	0.159648 	0.171177 	0.202949 	0.206115 	0.103917 	0.108842 	0.207185 	0.239818 	0.224045 	0.181837 	0.192870 	0.237305 	0.223832 	0.222159 	0.177783 	0.242585 	0.242197 	0.327188 	0.273374 	0.266954 	0.306545 	0.273671 	0.400224 	0.368888 	
0.099554 	0.105401 	0.077636 	0.012449 	0.000000 	0.098866 	0.141428 	0.110979 	0.088133 	0.132323 	0.211095 	0.219902 	0.164555 	0.137764 	0.154579 	0.187759 	0.231894 	0.148872 	0.213906 	0.238974 	0.233882 	0.159243 	0.166565 	0.135907 	0.288267 	0.257982 	0.333388 	0.243763 	0.173434 	0.196187 	0.167021 	0.175594 	0.074585 	0.083600 	0.071711 	0.236116 	0.213237 	0.213529 	0.208635 	0.180167 	0.210065 	0.218924 	0.214407 	0.109798 	0.113304 	0.274244 	0.286833 	0.309624 	0.325121 	0.272751 	0.319091 	0.240605 	0.259439 	0.285582 	0.270077 	0.282052 	0.315199 	0.360359 	0.383950 	0.345573 	0.230250 	0.223769 	0.182612 	0.167730 	0.198029 	0.194740 	0.159651 	0.168134 	0.203405 	0.205056 	0.115204 	0.120437 	0.197344 	0.229069 	0.214766 	0.173955 	0.184068 	0.227388 	0.211533 	0.210416 	0.166731 	0.230810 	0.230244 	0.328866 	0.270017 	0.262497 	0.304164 	0.268186 	0.388174 	0.361201 	
0.010589 	0.023697 	0.023314 	0.106011 	0.098866 	0.000000 	0.057466 	0.013451 	0.014689 	0.037708 	0.258021 	0.121327 	0.222707 	0.164855 	0.199698 	0.092412 	0.142541 	0.052344 	0.119025 	0.153622 	0.144065 	0.073541 	0.067780 	0.055024 	0.225532 	0.193520 	0.276307 	0.256735 	0.147907 	0.205473 	0.153912 	0.139602 	0.133646 	0.140834 	0.088645 	0.137614 	0.114446 	0.115078 	0.111398 	0.081335 	0.112909 	0.120759 	0.115649 	0.075683 	0.107172 	0.191701 	0.205415 	0.232765 	0.253911 	0.296220 	0.328883 	0.278290 	0.160783 	0.187369 	0.171996 	0.184609 	0.218635 	0.304773 	0.331954 	0.313838 	0.182840 	0.195124 	0.103332 	0.088798 	0.134052 	0.104082 	0.095932 	0.082501 	0.136360 	0.127854 	0.162518 	0.170808 	0.108749 	0.147711 	0.121956 	0.076169 	0.089394 	0.138418 	0.164040 	0.145710 	0.094231 	0.165217 	0.168923 	0.262286 	0.178409 	0.167288 	0.215912 	0.170539 	0.323091 	0.262902 	
0.066110 	0.075627 	0.078374 	0.144804 	0.141428 	0.057466 	0.000000 	0.056669 	0.058685 	0.065694 	0.250467 	0.103489 	0.224799 	0.155913 	0.196232 	0.051800 	0.090492 	0.029967 	0.075303 	0.098785 	0.092457 	0.099455 	0.059571 	0.092738 	0.252887 	0.221613 	0.305192 	0.229791 	0.110792 	0.180662 	0.123174 	0.097636 	0.149277 	0.153821 	0.099581 	0.118613 	0.094612 	0.099254 	0.103228 	0.062735 	0.076174 	0.106273 	0.089002 	0.130236 	0.163499 	0.203219 	0.217290 	0.247881 	0.273211 	0.272808 	0.296855 	0.263939 	0.138349 	0.151643 	0.153140 	0.168063 	0.176566 	0.333635 	0.362243 	0.354903 	0.131226 	0.151106 	0.129274 	0.118189 	0.078718 	0.053627 	0.044589 	0.026909 	0.080030 	0.070424 	0.165664 	0.174332 	0.121816 	0.164712 	0.124973 	0.073788 	0.094498 	0.146245 	0.204516 	0.177799 	0.128143 	0.194743 	0.201102 	0.204905 	0.128639 	0.122959 	0.163212 	0.132749 	0.344794 	0.239048 	
0.012606 	0.018960 	0.033719 	0.118612 	0.110979 	0.013451 	0.056669 	0.000000 	0.027970 	0.024328 	0.270359 	0.108923 	0.235701 	0.176727 	0.212240 	0.084290 	0.136367 	0.044612 	0.110756 	0.148666 	0.137698 	0.060905 	0.055737 	0.044068 	0.214285 	0.182281 	0.265441 	0.266588 	0.155166 	0.215478 	0.162531 	0.145624 	0.147031 	0.154157 	0.101576 	0.125147 	0.102343 	0.102566 	0.098346 	0.069962 	0.103311 	0.108064 	0.104358 	0.073568 	0.107073 	0.178642 	0.192410 	0.220063 	0.241661 	0.306740 	0.337987 	0.289972 	0.148462 	0.176602 	0.159286 	0.171676 	0.208888 	0.293957 	0.321435 	0.305777 	0.186027 	0.200992 	0.091147 	0.076928 	0.135138 	0.098079 	0.098558 	0.079302 	0.136688 	0.125833 	0.175419 	0.183762 	0.095478 	0.134900 	0.108506 	0.063242 	0.075968 	0.125056 	0.155392 	0.134933 	0.083298 	0.154087 	0.158305 	0.260900 	0.171023 	0.158439 	0.209431 	0.160268 	0.311243 	0.250323 	
0.023041 	0.036156 	0.020800 	0.094250 	0.088133 	0.014689 	0.058685 	0.027970 	0.000000 	0.052296 	0.243639 	0.133739 	0.208036 	0.150827 	0.185214 	0.100132 	0.147531 	0.060783 	0.126564 	0.157167 	0.149257 	0.088173 	0.080074 	0.069109 	0.239415 	0.207418 	0.289919 	0.244298 	0.138280 	0.192965 	0.142867 	0.131332 	0.119069 	0.126193 	0.074009 	0.150068 	0.126487 	0.127659 	0.124790 	0.092728 	0.121994 	0.133581 	0.126673 	0.083335 	0.112267 	0.206389 	0.220098 	0.247378 	0.268340 	0.283174 	0.317055 	0.264337 	0.172977 	0.197461 	0.184741 	0.197697 	0.227383 	0.318338 	0.345304 	0.325298 	0.177300 	0.186707 	0.117793 	0.103148 	0.131169 	0.109335 	0.091954 	0.085223 	0.134277 	0.128437 	0.147878 	0.156150 	0.123409 	0.162363 	0.136308 	0.089484 	0.103605 	0.153025 	0.176202 	0.159380 	0.108110 	0.179076 	0.182459 	0.261347 	0.184527 	0.175148 	0.220830 	0.180073 	0.337298 	0.275354 	
0.033185 	0.028210 	0.054854 	0.140780 	0.132323 	0.037708 	0.065694 	0.024328 	0.052296 	0.000000 	0.293868 	0.089069 	0.259854 	0.199802 	0.235992 	0.076696 	0.131116 	0.042496 	0.101667 	0.145609 	0.132015 	0.037893 	0.039043 	0.027095 	0.192905 	0.161013 	0.244590 	0.286951 	0.172424 	0.236167 	0.181599 	0.161227 	0.171347 	0.178485 	0.125733 	0.104916 	0.083527 	0.082454 	0.076384 	0.054539 	0.091301 	0.087279 	0.087873 	0.072847 	0.108071 	0.154527 	0.168351 	0.196377 	0.218611 	0.327949 	0.357164 	0.312703 	0.128480 	0.160470 	0.138101 	0.149757 	0.194908 	0.273140 	0.301069 	0.289680 	0.196828 	0.215844 	0.068690 	0.055357 	0.143298 	0.094442 	0.110167 	0.082235 	0.143550 	0.128870 	0.199514 	0.207896 	0.071187 	0.111142 	0.084464 	0.042450 	0.052300 	0.100729 	0.139098 	0.114790 	0.063664 	0.133146 	0.138276 	0.263243 	0.162606 	0.147002 	0.202456 	0.145497 	0.288745 	0.229264 	
0.266460 	0.278979 	0.252160 	0.199100 	0.211095 	0.258021 	0.250467 	0.270359 	0.243639 	0.293868 	0.000000 	0.353729 	0.050467 	0.094935 	0.058959 	0.297722 	0.306835 	0.278109 	0.313269 	0.300006 	0.309522 	0.331259 	0.307631 	0.312695 	0.482300 	0.450417 	0.531759 	0.088660 	0.162054 	0.092759 	0.141847 	0.179821 	0.137419 	0.128343 	0.170356 	0.368354 	0.344758 	0.349696 	0.353237 	0.313088 	0.320814 	0.356728 	0.337720 	0.310533 	0.322590 	0.447812 	0.461781 	0.490243 	0.511931 	0.082803 	0.141052 	0.035858 	0.386353 	0.387964 	0.402059 	0.417388 	0.399343 	0.559891 	0.585774 	0.554826 	0.211833 	0.172046 	0.361348 	0.346782 	0.233191 	0.287792 	0.223547 	0.262929 	0.240953 	0.262100 	0.098676 	0.091802 	0.364064 	0.405006 	0.372481 	0.321057 	0.339977 	0.392103 	0.413205 	0.401987 	0.351378 	0.422056 	0.424556 	0.310462 	0.340622 	0.349830 	0.354067 	0.368575 	0.580822 	0.482437 	
0.120570 	0.117268 	0.142433 	0.227338 	0.219902 	0.121327 	0.103489 	0.108923 	0.133739 	0.089069 	0.353729 	0.000000 	0.327897 	0.259362 	0.299698 	0.058752 	0.089788 	0.078469 	0.058117 	0.108368 	0.088744 	0.079932 	0.053671 	0.098233 	0.182366 	0.156098 	0.233048 	0.326399 	0.205424 	0.279732 	0.221311 	0.189129 	0.247714 	0.253415 	0.198443 	0.016330 	0.009056 	0.006740 	0.019656 	0.042416 	0.042554 	0.006943 	0.020567 	0.151011 	0.184424 	0.115335 	0.128392 	0.160376 	0.189216 	0.370754 	0.387894 	0.365819 	0.039561 	0.075670 	0.051279 	0.065269 	0.113742 	0.259870 	0.289441 	0.302956 	0.201396 	0.234368 	0.087426 	0.089612 	0.147324 	0.076313 	0.135009 	0.093270 	0.142902 	0.118769 	0.268234 	0.276908 	0.061336 	0.091956 	0.044574 	0.046624 	0.046038 	0.064464 	0.166684 	0.128452 	0.101851 	0.136485 	0.146588 	0.229692 	0.101948 	0.078093 	0.141832 	0.065423 	0.260450 	0.141630 	
0.230125 	0.241901 	0.213627 	0.152273 	0.164555 	0.222707 	0.224799 	0.235701 	0.208036 	0.259854 	0.050467 	0.327897 	0.000000 	0.073726 	0.033039 	0.274967 	0.292571 	0.250066 	0.293678 	0.288670 	0.295230 	0.296184 	0.278533 	0.276068 	0.443367 	0.411779 	0.491604 	0.122393 	0.155364 	0.103995 	0.135118 	0.171629 	0.093511 	0.084802 	0.134128 	0.343317 	0.319161 	0.323208 	0.324946 	0.285992 	0.298984 	0.330083 	0.313729 	0.268211 	0.277401 	0.414342 	0.428102 	0.455289 	0.475360 	0.129289 	0.186071 	0.085366 	0.363034 	0.370407 	0.377939 	0.392810 	0.386392 	0.519407 	0.544482 	0.509908 	0.214255 	0.179797 	0.325348 	0.310433 	0.223370 	0.268292 	0.205562 	0.241390 	0.231245 	0.249314 	0.060446 	0.051970 	0.330969 	0.370387 	0.341671 	0.291170 	0.308753 	0.360035 	0.371413 	0.363208 	0.313767 	0.383549 	0.385173 	0.319271 	0.328910 	0.334547 	0.347802 	0.350900 	0.542772 	0.462422 	
0.173852 	0.186760 	0.161623 	0.127823 	0.137764 	0.164855 	0.155913 	0.176727 	0.150827 	0.199802 	0.094935 	0.259362 	0.073726 	0.000000 	0.041724 	0.204314 	0.219059 	0.183226 	0.221570 	0.214944 	0.221726 	0.237466 	0.212703 	0.219853 	0.390240 	0.358245 	0.440565 	0.106016 	0.083539 	0.060621 	0.064213 	0.098821 	0.067315 	0.060161 	0.080284 	0.274245 	0.250440 	0.255159 	0.258396 	0.218375 	0.227903 	0.262166 	0.243915 	0.223602 	0.240779 	0.353212 	0.367214 	0.396009 	0.418328 	0.137123 	0.181329 	0.113532 	0.292909 	0.297760 	0.308323 	0.323507 	0.312820 	0.468919 	0.495538 	0.469958 	0.145623 	0.117066 	0.267873 	0.253564 	0.149796 	0.196071 	0.132568 	0.169968 	0.157661 	0.175610 	0.034361 	0.038175 	0.269493 	0.310802 	0.277566 	0.226123 	0.245115 	0.297299 	0.324362 	0.310139 	0.258937 	0.329900 	0.333097 	0.252728 	0.255205 	0.261273 	0.274420 	0.278255 	0.487912 	0.390795 	
0.207917 	0.220309 	0.193265 	0.142976 	0.154579 	0.199698 	0.196232 	0.212240 	0.185214 	0.235992 	0.058959 	0.299698 	0.033039 	0.041724 	0.000000 	0.245419 	0.260720 	0.222691 	0.263140 	0.256308 	0.263390 	0.273127 	0.251773 	0.254154 	0.423468 	0.391615 	0.472825 	0.103602 	0.122335 	0.075078 	0.102079 	0.138684 	0.080071 	0.071008 	0.111596 	0.314812 	0.290842 	0.295288 	0.297879 	0.258265 	0.269174 	0.302247 	0.284744 	0.251721 	0.264651 	0.390325 	0.404231 	0.432294 	0.453549 	0.121512 	0.174190 	0.086027 	0.333888 	0.339451 	0.349123 	0.364199 	0.354437 	0.500943 	0.526816 	0.496526 	0.181485 	0.147973 	0.303005 	0.288340 	0.190682 	0.237659 	0.174280 	0.211308 	0.198562 	0.217095 	0.040087 	0.034144 	0.306618 	0.347094 	0.315963 	0.264859 	0.283227 	0.335086 	0.354286 	0.343149 	0.292685 	0.363261 	0.365661 	0.287003 	0.296669 	0.302988 	0.314951 	0.319943 	0.522152 	0.432282 	
0.096772 	0.100256 	0.115725 	0.192666 	0.187759 	0.092412 	0.051800 	0.084290 	0.100132 	0.076696 	0.297722 	0.058752 	0.274967 	0.204314 	0.245419 	0.000000 	0.054584 	0.040081 	0.026612 	0.070192 	0.055367 	0.093650 	0.042915 	0.099547 	0.231134 	0.201981 	0.283164 	0.267682 	0.146730 	0.221370 	0.162947 	0.130377 	0.201067 	0.205606 	0.151348 	0.071553 	0.049810 	0.056675 	0.066033 	0.031795 	0.024390 	0.063538 	0.040374 	0.149523 	0.184761 	0.170598 	0.184231 	0.216028 	0.243800 	0.312112 	0.329432 	0.308281 	0.088653 	0.100136 	0.104385 	0.119819 	0.127448 	0.310903 	0.340276 	0.344550 	0.145805 	0.176536 	0.116594 	0.110840 	0.090490 	0.021667 	0.076503 	0.035053 	0.087067 	0.064816 	0.216562 	0.225201 	0.098943 	0.139343 	0.092977 	0.052835 	0.071495 	0.115259 	0.198648 	0.165007 	0.123212 	0.178122 	0.186636 	0.191709 	0.086850 	0.075048 	0.126012 	0.081566 	0.315608 	0.187740 	
0.148448 	0.153474 	0.165460 	0.234934 	0.231894 	0.142541 	0.090492 	0.136367 	0.147531 	0.131116 	0.306835 	0.089788 	0.292571 	0.219059 	0.260720 	0.054584 	0.000000 	0.091874 	0.033942 	0.018584 	0.002687 	0.146670 	0.096797 	0.154055 	0.272086 	0.245192 	0.322827 	0.261313 	0.145788 	0.221144 	0.165360 	0.127865 	0.231409 	0.234191 	0.183545 	0.094250 	0.083556 	0.091754 	0.105431 	0.083507 	0.049914 	0.096571 	0.070040 	0.203961 	0.239167 	0.204072 	0.216562 	0.248397 	0.277837 	0.306483 	0.314101 	0.311166 	0.099175 	0.082974 	0.115707 	0.130747 	0.093858 	0.349550 	0.379127 	0.391043 	0.121028 	0.159878 	0.166579 	0.162849 	0.075545 	0.038460 	0.087769 	0.063788 	0.068481 	0.044959 	0.238450 	0.246712 	0.145110 	0.181058 	0.133168 	0.104619 	0.120235 	0.154084 	0.248971 	0.213165 	0.175489 	0.223894 	0.233346 	0.141282 	0.038865 	0.043138 	0.073396 	0.064566 	0.348317 	0.178948 	
0.056930 	0.061685 	0.075657 	0.154510 	0.148872 	0.052344 	0.029967 	0.044612 	0.060783 	0.042496 	0.278109 	0.078469 	0.250066 	0.183226 	0.222691 	0.040081 	0.091874 	0.000000 	0.066691 	0.104845 	0.093146 	0.071520 	0.029916 	0.068907 	0.223359 	0.192269 	0.275715 	0.259715 	0.140683 	0.210410 	0.153096 	0.127159 	0.169437 	0.174996 	0.120020 	0.094436 	0.070117 	0.073362 	0.075210 	0.036105 	0.061211 	0.080130 	0.067618 	0.113833 	0.148682 	0.173412 	0.187491 	0.217972 	0.243244 	0.302605 	0.326745 	0.292784 	0.116007 	0.136893 	0.129505 	0.143737 	0.166707 	0.304111 	0.332838 	0.327720 	0.157022 	0.179798 	0.100433 	0.090298 	0.102311 	0.053808 	0.072900 	0.039960 	0.101920 	0.086388 	0.190107 	0.198772 	0.091867 	0.134766 	0.095462 	0.043996 	0.064560 	0.116477 	0.177994 	0.149388 	0.101064 	0.165737 	0.172503 	0.220826 	0.126503 	0.114971 	0.164829 	0.119315 	0.314840 	0.218285 	
0.123279 	0.126306 	0.142337 	0.218490 	0.213906 	0.119025 	0.075303 	0.110756 	0.126564 	0.101667 	0.313269 	0.058117 	0.293678 	0.221570 	0.263140 	0.026612 	0.033942 	0.066691 	0.000000 	0.052097 	0.033725 	0.113622 	0.064949 	0.122728 	0.239450 	0.211982 	0.290627 	0.276498 	0.156800 	0.232612 	0.174733 	0.139422 	0.223798 	0.227803 	0.174360 	0.065666 	0.050932 	0.059112 	0.072207 	0.050658 	0.016230 	0.064586 	0.037652 	0.174118 	0.209359 	0.173429 	0.186387 	0.218362 	0.247318 	0.321461 	0.334313 	0.321318 	0.076485 	0.077299 	0.093207 	0.108857 	0.101608 	0.317687 	0.347241 	0.357373 	0.144603 	0.179800 	0.132692 	0.129326 	0.092371 	0.025519 	0.089723 	0.052800 	0.087007 	0.062182 	0.236547 	0.245098 	0.111247 	0.147984 	0.100118 	0.071378 	0.086334 	0.121517 	0.215060 	0.179245 	0.142017 	0.190208 	0.199554 	0.175160 	0.060953 	0.048611 	0.100955 	0.057991 	0.318448 	0.169312 	
0.160350 	0.166441 	0.176032 	0.241119 	0.238974 	0.153622 	0.098785 	0.148666 	0.157167 	0.145609 	0.300006 	0.108368 	0.288670 	0.214944 	0.256308 	0.070192 	0.018584 	0.104845 	0.052097 	0.000000 	0.019758 	0.163458 	0.113024 	0.169543 	0.290670 	0.263728 	0.341399 	0.250129 	0.138020 	0.212169 	0.158161 	0.120192 	0.232716 	0.234800 	0.186256 	0.112537 	0.102120 	0.110321 	0.123939 	0.100467 	0.068234 	0.115154 	0.088607 	0.218241 	0.253301 	0.222490 	0.234898 	0.266689 	0.296205 	0.295213 	0.300224 	0.302361 	0.116292 	0.095277 	0.132598 	0.147339 	0.099419 	0.368095 	0.397671 	0.409437 	0.106596 	0.146955 	0.184319 	0.180059 	0.066833 	0.051220 	0.087285 	0.071973 	0.059137 	0.039625 	0.236564 	0.244599 	0.163339 	0.199609 	0.151713 	0.121722 	0.138054 	0.172666 	0.266742 	0.231280 	0.192625 	0.242273 	0.251650 	0.123121 	0.040624 	0.054433 	0.065531 	0.078203 	0.366536 	0.190738 	
0.149835 	0.154669 	0.167043 	0.237012 	0.233882 	0.144065 	0.092457 	0.137698 	0.149257 	0.132015 	0.309522 	0.088744 	0.295230 	0.221726 	0.263390 	0.055367 	0.002687 	0.093146 	0.033725 	0.019758 	0.000000 	0.146914 	0.097278 	0.154689 	0.271098 	0.244376 	0.321728 	0.263892 	0.148461 	0.223800 	0.168042 	0.130538 	0.233867 	0.236688 	0.185928 	0.092796 	0.082706 	0.090888 	0.104693 	0.083755 	0.049476 	0.095564 	0.069189 	0.204860 	0.240085 	0.202731 	0.215150 	0.246953 	0.276452 	0.309061 	0.316494 	0.313830 	0.097222 	0.080376 	0.113701 	0.128676 	0.091214 	0.348377 	0.377954 	0.390409 	0.123325 	0.162332 	0.166414 	0.162924 	0.078175 	0.040016 	0.090371 	0.065837 	0.071081 	0.047631 	0.241057 	0.249326 	0.144652 	0.180218 	0.132350 	0.104780 	0.120053 	0.153124 	0.248769 	0.212770 	0.175589 	0.223287 	0.232807 	0.141810 	0.036572 	0.040466 	0.071852 	0.062041 	0.346825 	0.176352 	
0.066297 	0.055782 	0.085380 	0.169149 	0.159243 	0.073541 	0.099455 	0.060905 	0.088173 	0.037893 	0.331259 	0.079932 	0.296184 	0.237466 	0.273127 	0.093650 	0.146670 	0.071520 	0.113622 	0.163458 	0.146914 	0.000000 	0.050876 	0.023464 	0.155268 	0.123477 	0.207159 	0.324548 	0.208842 	0.273883 	0.218835 	0.196769 	0.206108 	0.213654 	0.162179 	0.092976 	0.078095 	0.073428 	0.061769 	0.063165 	0.099498 	0.075436 	0.087603 	0.072048 	0.104604 	0.118574 	0.132132 	0.159228 	0.180863 	0.365756 	0.394235 	0.350508 	0.115611 	0.155595 	0.121082 	0.129822 	0.193307 	0.235702 	0.263861 	0.256208 	0.228496 	0.250559 	0.030851 	0.018792 	0.173486 	0.114603 	0.143825 	0.110339 	0.172556 	0.154565 	0.236050 	0.244320 	0.038109 	0.074204 	0.057225 	0.042265 	0.033939 	0.068164 	0.106875 	0.078372 	0.030016 	0.095897 	0.101742 	0.285325 	0.171976 	0.151974 	0.212837 	0.144188 	0.250858 	0.210269 	
0.067813 	0.066527 	0.089443 	0.173764 	0.166565 	0.067780 	0.059571 	0.055737 	0.080074 	0.039043 	0.307631 	0.053671 	0.278533 	0.212703 	0.251773 	0.042915 	0.096797 	0.029916 	0.064949 	0.113024 	0.097278 	0.050876 	0.000000 	0.057787 	0.195976 	0.165453 	0.248367 	0.289315 	0.169723 	0.240215 	0.182710 	0.155558 	0.195413 	0.201513 	0.146732 	0.069997 	0.046675 	0.047608 	0.046514 	0.015536 	0.052964 	0.053705 	0.049170 	0.109754 	0.144894 	0.143650 	0.157720 	0.188386 	0.214078 	0.332377 	0.355648 	0.322658 	0.093026 	0.121804 	0.104716 	0.117978 	0.155869 	0.276607 	0.305591 	0.304586 	0.181141 	0.206891 	0.075884 	0.068552 	0.125490 	0.063728 	0.100563 	0.062421 	0.123734 	0.104367 	0.218308 	0.226941 	0.063251 	0.106003 	0.065546 	0.014271 	0.035267 	0.086674 	0.156887 	0.125023 	0.080681 	0.139881 	0.147510 	0.234474 	0.125335 	0.108410 	0.165770 	0.106494 	0.285826 	0.195299 	
0.046240 	0.034200 	0.063362 	0.145961 	0.135907 	0.055024 	0.092738 	0.044068 	0.069109 	0.027095 	0.312695 	0.098233 	0.276068 	0.219853 	0.254154 	0.099547 	0.154055 	0.068907 	0.122728 	0.169543 	0.154689 	0.023464 	0.057787 	0.000000 	0.170523 	0.138509 	0.221460 	0.310641 	0.198066 	0.259545 	0.206257 	0.187483 	0.184912 	0.192711 	0.142651 	0.112562 	0.094850 	0.091521 	0.081623 	0.072658 	0.110380 	0.094654 	0.102341 	0.053260 	0.087843 	0.140317 	0.153587 	0.179443 	0.199474 	0.350772 	0.381820 	0.333309 	0.135788 	0.173177 	0.142566 	0.152095 	0.209748 	0.249961 	0.277374 	0.263215 	0.223913 	0.242379 	0.049368 	0.034369 	0.170348 	0.118829 	0.137128 	0.108852 	0.170487 	0.155171 	0.216305 	0.224418 	0.061533 	0.095342 	0.080394 	0.054587 	0.053812 	0.091493 	0.112573 	0.090898 	0.039288 	0.110228 	0.114244 	0.288897 	0.183028 	0.165137 	0.223540 	0.160192 	0.268190 	0.232573 	
0.216388 	0.203546 	0.230257 	0.300291 	0.288267 	0.225532 	0.252887 	0.214285 	0.239415 	0.192905 	0.482300 	0.182366 	0.443367 	0.390240 	0.423468 	0.231134 	0.272086 	0.223359 	0.239450 	0.290670 	0.271098 	0.155268 	0.195976 	0.170523 	0.000000 	0.032015 	0.052395 	0.479808 	0.363424 	0.429072 	0.374029 	0.350478 	0.350322 	0.358751 	0.311947 	0.180766 	0.188647 	0.180439 	0.167359 	0.200580 	0.223276 	0.175535 	0.202124 	0.178474 	0.183567 	0.076273 	0.070258 	0.054916 	0.045589 	0.520788 	0.549237 	0.503751 	0.187300 	0.232617 	0.176809 	0.169886 	0.269246 	0.080754 	0.109615 	0.127324 	0.376217 	0.402795 	0.124466 	0.137635 	0.320475 	0.252364 	0.296102 	0.258158 	0.317831 	0.295902 	0.384720 	0.392506 	0.133069 	0.091876 	0.139416 	0.182164 	0.161303 	0.118013 	0.081185 	0.080320 	0.131319 	0.060339 	0.058327 	0.411648 	0.280526 	0.254866 	0.317338 	0.234372 	0.099960 	0.218618 	
0.184396 	0.171583 	0.198471 	0.269880 	0.257982 	0.193520 	0.221613 	0.182281 	0.207418 	0.161013 	0.450417 	0.156098 	0.411779 	0.358245 	0.391615 	0.201981 	0.245192 	0.192269 	0.211982 	0.263728 	0.244376 	0.123477 	0.165453 	0.138509 	0.032015 	0.000000 	0.083708 	0.447955 	0.331956 	0.397167 	0.342305 	0.319248 	0.318884 	0.327252 	0.280061 	0.156393 	0.161671 	0.153496 	0.139811 	0.170932 	0.195752 	0.149171 	0.175187 	0.148276 	0.156235 	0.063021 	0.063147 	0.063611 	0.068660 	0.488833 	0.517630 	0.471751 	0.165802 	0.212383 	0.157294 	0.152702 	0.250318 	0.112239 	0.140634 	0.147549 	0.346284 	0.371958 	0.092750 	0.105698 	0.290532 	0.223431 	0.265129 	0.227824 	0.288176 	0.266789 	0.352965 	0.360793 	0.103191 	0.064177 	0.112028 	0.151871 	0.131264 	0.091838 	0.057540 	0.048571 	0.099314 	0.028367 	0.027978 	0.385773 	0.256384 	0.231100 	0.294438 	0.212043 	0.131066 	0.210932 	
0.266883 	0.253846 	0.279640 	0.345640 	0.333388 	0.276307 	0.305192 	0.265441 	0.289919 	0.244590 	0.531759 	0.233048 	0.491604 	0.440565 	0.472825 	0.283164 	0.322827 	0.275715 	0.290627 	0.341399 	0.321728 	0.207159 	0.248367 	0.221460 	0.052395 	0.083708 	0.000000 	0.531533 	0.415637 	0.480661 	0.425994 	0.402805 	0.398209 	0.406815 	0.361593 	0.230242 	0.239709 	0.231517 	0.218809 	0.252807 	0.274527 	0.226311 	0.253108 	0.224300 	0.224275 	0.121633 	0.111963 	0.085226 	0.057673 	0.572168 	0.601338 	0.554088 	0.234559 	0.278254 	0.222596 	0.213787 	0.313273 	0.028550 	0.057236 	0.094244 	0.428459 	0.455189 	0.176457 	0.189235 	0.372733 	0.304279 	0.348484 	0.310520 	0.369996 	0.347860 	0.433675 	0.441276 	0.185405 	0.143822 	0.190926 	0.234535 	0.213646 	0.169140 	0.121988 	0.130598 	0.182173 	0.111467 	0.107472 	0.461363 	0.329196 	0.303362 	0.364778 	0.281825 	0.061259 	0.251176 	
0.266825 	0.280155 	0.258912 	0.233807 	0.243763 	0.256735 	0.229791 	0.266588 	0.244298 	0.286951 	0.088660 	0.326399 	0.122393 	0.106016 	0.103602 	0.267682 	0.261313 	0.259715 	0.276498 	0.250129 	0.263892 	0.324548 	0.289315 	0.310641 	0.479808 	0.447955 	0.531533 	0.000000 	0.120985 	0.051345 	0.106619 	0.137497 	0.172225 	0.164216 	0.182017 	0.338841 	0.317404 	0.323834 	0.330799 	0.290400 	0.287647 	0.330846 	0.307654 	0.323422 	0.343850 	0.432933 	0.446987 	0.477672 	0.502756 	0.045171 	0.075427 	0.066444 	0.352882 	0.344255 	0.369504 	0.385176 	0.347796 	0.560082 	0.587871 	0.569093 	0.147921 	0.105228 	0.355378 	0.342300 	0.186060 	0.252501 	0.191550 	0.233297 	0.192863 	0.217205 	0.133546 	0.131962 	0.351304 	0.394100 	0.354398 	0.303561 	0.324275 	0.375944 	0.420498 	0.401356 	0.349757 	0.420072 	0.424793 	0.233325 	0.289297 	0.303833 	0.294100 	0.325797 	0.574088 	0.440223 	
0.158487 	0.171476 	0.156826 	0.168294 	0.173434 	0.147907 	0.110792 	0.155166 	0.138280 	0.172424 	0.162054 	0.205424 	0.155364 	0.083539 	0.122335 	0.146730 	0.145788 	0.140683 	0.156800 	0.138020 	0.148461 	0.208842 	0.169723 	0.198066 	0.363424 	0.331956 	0.415637 	0.120985 	0.000000 	0.075915 	0.020522 	0.017927 	0.127483 	0.124990 	0.101780 	0.218023 	0.196423 	0.202856 	0.210033 	0.169820 	0.167141 	0.209864 	0.186806 	0.221549 	0.248472 	0.312913 	0.326919 	0.357946 	0.383784 	0.165409 	0.186065 	0.165502 	0.232763 	0.228147 	0.249253 	0.264912 	0.237423 	0.444129 	0.472555 	0.460925 	0.064122 	0.050870 	0.239285 	0.227264 	0.071187 	0.132199 	0.070606 	0.112325 	0.078915 	0.100830 	0.113064 	0.119428 	0.232536 	0.275435 	0.234184 	0.183992 	0.204943 	0.255988 	0.310424 	0.287000 	0.236087 	0.304697 	0.310459 	0.171469 	0.178614 	0.188926 	0.193330 	0.209058 	0.455472 	0.323733 	
0.215527 	0.228854 	0.207617 	0.186980 	0.196187 	0.205473 	0.180662 	0.215478 	0.192965 	0.236167 	0.092759 	0.279732 	0.103995 	0.060621 	0.075078 	0.221370 	0.221144 	0.210410 	0.232612 	0.212169 	0.223800 	0.273883 	0.240215 	0.259545 	0.429072 	0.397167 	0.480661 	0.051345 	0.075915 	0.000000 	0.058429 	0.093631 	0.127861 	0.120776 	0.131703 	0.292903 	0.270685 	0.276740 	0.282867 	0.242262 	0.242540 	0.283801 	0.261681 	0.272241 	0.293274 	0.383821 	0.397901 	0.428268 	0.452866 	0.092235 	0.125533 	0.090192 	0.308331 	0.303808 	0.324727 	0.340361 	0.311413 	0.509204 	0.536872 	0.517771 	0.119175 	0.079503 	0.304732 	0.291472 	0.145798 	0.207820 	0.144871 	0.186490 	0.153235 	0.176240 	0.092941 	0.093925 	0.301540 	0.344201 	0.305617 	0.254391 	0.274887 	0.326876 	0.369167 	0.350343 	0.298719 	0.369196 	0.373755 	0.218849 	0.252464 	0.264237 	0.262896 	0.284812 	0.523971 	0.399528 	
0.164354 	0.177606 	0.159973 	0.160610 	0.167021 	0.153912 	0.123174 	0.162531 	0.142867 	0.181599 	0.141847 	0.221311 	0.135118 	0.064213 	0.102079 	0.162947 	0.165360 	0.153096 	0.174733 	0.158161 	0.168042 	0.218835 	0.182710 	0.206257 	0.374029 	0.342305 	0.425994 	0.106619 	0.020522 	0.058429 	0.000000 	0.038005 	0.114113 	0.110534 	0.095753 	0.234488 	0.212266 	0.218360 	0.224696 	0.184153 	0.184272 	0.225416 	0.203270 	0.225224 	0.250085 	0.326347 	0.340408 	0.371055 	0.396200 	0.149936 	0.175603 	0.146662 	0.250124 	0.247314 	0.266458 	0.282075 	0.257503 	0.454536 	0.482627 	0.467750 	0.081560 	0.058678 	0.249575 	0.236895 	0.091362 	0.149729 	0.086455 	0.128062 	0.099148 	0.120468 	0.095335 	0.101131 	0.244739 	0.287568 	0.247885 	0.196950 	0.217656 	0.269359 	0.317770 	0.296367 	0.244979 	0.314654 	0.319851 	0.188926 	0.198781 	0.208469 	0.213851 	0.228102 	0.467615 	0.342629 	
0.150168 	0.162797 	0.150845 	0.171646 	0.175594 	0.139602 	0.097636 	0.145624 	0.131332 	0.161227 	0.179821 	0.189129 	0.171629 	0.098821 	0.138684 	0.130377 	0.127865 	0.127159 	0.139422 	0.120192 	0.130538 	0.196769 	0.155558 	0.187483 	0.350478 	0.319248 	0.402805 	0.137497 	0.017927 	0.093631 	0.038005 	0.000000 	0.136504 	0.135039 	0.104942 	0.201360 	0.180174 	0.186810 	0.194524 	0.154668 	0.150175 	0.193772 	0.170193 	0.214533 	0.243038 	0.298046 	0.311996 	0.343243 	0.369529 	0.182238 	0.200292 	0.183380 	0.215593 	0.210276 	0.232151 	0.247821 	0.219571 	0.431231 	0.459874 	0.450697 	0.055462 	0.055522 	0.226855 	0.215387 	0.053370 	0.115082 	0.055236 	0.096486 	0.061145 	0.082907 	0.126381 	0.133278 	0.218697 	0.261538 	0.219274 	0.169777 	0.190823 	0.241257 	0.300056 	0.275128 	0.224751 	0.292335 	0.298510 	0.160776 	0.160803 	0.171003 	0.176365 	0.191218 	0.441340 	0.305917 	
0.139847 	0.150769 	0.121710 	0.063241 	0.074585 	0.133646 	0.149277 	0.147031 	0.119069 	0.171347 	0.137419 	0.247714 	0.093511 	0.067315 	0.080071 	0.201067 	0.231409 	0.169437 	0.223798 	0.232716 	0.233867 	0.206108 	0.195413 	0.184912 	0.350322 	0.318884 	0.398209 	0.172225 	0.127483 	0.127861 	0.114113 	0.136504 	0.000000 	0.009091 	0.049759 	0.263812 	0.239519 	0.242279 	0.241687 	0.205313 	0.225416 	0.248784 	0.236469 	0.174708 	0.185181 	0.324682 	0.338196 	0.364318 	0.383328 	0.198732 	0.246966 	0.166087 	0.285370 	0.300770 	0.298897 	0.312904 	0.323328 	0.425954 	0.450971 	0.417526 	0.191033 	0.172651 	0.234265 	0.219198 	0.176108 	0.199931 	0.145493 	0.171469 	0.183235 	0.193880 	0.040677 	0.045972 	0.242319 	0.280065 	0.255214 	0.206714 	0.222363 	0.272063 	0.277903 	0.270345 	0.221663 	0.290759 	0.292050 	0.297276 	0.270064 	0.269661 	0.297208 	0.281693 	0.449947 	0.387350 	
0.147358 	0.158527 	0.129669 	0.072153 	0.083600 	0.140834 	0.153821 	0.154157 	0.126193 	0.178485 	0.128343 	0.253415 	0.084802 	0.060161 	0.071008 	0.205606 	0.234191 	0.174996 	0.227803 	0.234800 	0.236688 	0.213654 	0.201513 	0.192711 	0.358751 	0.327252 	0.406815 	0.164216 	0.124990 	0.120776 	0.110534 	0.135039 	0.009091 	0.000000 	0.054976 	0.269431 	0.245112 	0.248096 	0.247909 	0.211000 	0.229990 	0.254676 	0.241662 	0.183508 	0.194249 	0.332211 	0.345783 	0.372154 	0.391435 	0.190017 	0.238736 	0.157032 	0.290731 	0.304958 	0.304499 	0.318665 	0.326657 	0.434605 	0.459716 	0.426569 	0.188923 	0.168727 	0.242079 	0.227043 	0.176674 	0.203605 	0.147520 	0.175226 	0.183962 	0.195670 	0.031829 	0.036893 	0.249580 	0.287719 	0.262047 	0.213090 	0.229140 	0.279209 	0.286672 	0.278695 	0.229751 	0.299085 	0.300508 	0.295700 	0.272684 	0.273099 	0.298863 	0.285775 	0.458300 	0.392459 	
0.096450 	0.108724 	0.081979 	0.066772 	0.071711 	0.088645 	0.099581 	0.101576 	0.074009 	0.125733 	0.170356 	0.198443 	0.134128 	0.080284 	0.111596 	0.151348 	0.183545 	0.120020 	0.174360 	0.186256 	0.185928 	0.162179 	0.146732 	0.142651 	0.311947 	0.280061 	0.361593 	0.182017 	0.101780 	0.131703 	0.095753 	0.104942 	0.049759 	0.054976 	0.000000 	0.214455 	0.190137 	0.193147 	0.193197 	0.156029 	0.175683 	0.199751 	0.186802 	0.143338 	0.161855 	0.280215 	0.293984 	0.321387 	0.342117 	0.216748 	0.257093 	0.193076 	0.235803 	0.251169 	0.249524 	0.263698 	0.274479 	0.389816 	0.416058 	0.389730 	0.160203 	0.152060 	0.191688 	0.176918 	0.134621 	0.150847 	0.100058 	0.122357 	0.141070 	0.148414 	0.073874 	0.082187 	0.196877 	0.236355 	0.208207 	0.158578 	0.175251 	0.226090 	0.244306 	0.231638 	0.181089 	0.251701 	0.254275 	0.262206 	0.222376 	0.220738 	0.251460 	0.232162 	0.410556 	0.337659 	
0.136706 	0.133065 	0.158594 	0.243621 	0.236116 	0.137614 	0.118613 	0.125147 	0.150068 	0.104916 	0.368354 	0.016330 	0.343317 	0.274245 	0.314812 	0.071553 	0.094250 	0.094436 	0.065666 	0.112537 	0.092796 	0.092976 	0.069997 	0.112562 	0.180766 	0.156393 	0.230242 	0.338841 	0.218023 	0.292903 	0.234488 	0.201360 	0.263812 	0.269431 	0.214455 	0.000000 	0.024326 	0.022589 	0.031212 	0.058514 	0.051813 	0.017957 	0.031231 	0.164769 	0.197533 	0.110096 	0.122365 	0.154157 	0.183690 	0.383430 	0.398936 	0.379710 	0.023586 	0.064339 	0.035086 	0.049505 	0.103420 	0.256364 	0.285918 	0.303907 	0.210262 	0.244786 	0.096407 	0.100634 	0.157366 	0.086929 	0.148034 	0.106558 	0.152391 	0.127734 	0.283825 	0.292502 	0.069165 	0.093131 	0.048877 	0.062497 	0.059185 	0.064976 	0.172495 	0.133416 	0.112350 	0.139169 	0.149743 	0.231132 	0.100024 	0.074732 	0.138333 	0.057625 	0.254071 	0.125312 	
0.114246 	0.111710 	0.136003 	0.220399 	0.213237 	0.114446 	0.094612 	0.102343 	0.126487 	0.083527 	0.344758 	0.009056 	0.319161 	0.250440 	0.290842 	0.049810 	0.083556 	0.070117 	0.050932 	0.102120 	0.082706 	0.078095 	0.046675 	0.094850 	0.188647 	0.161671 	0.239709 	0.317404 	0.196423 	0.270685 	0.212266 	0.180174 	0.239519 	0.245112 	0.190137 	0.024326 	0.000000 	0.008209 	0.022307 	0.034290 	0.034946 	0.014084 	0.013518 	0.148001 	0.181954 	0.123055 	0.136296 	0.168267 	0.196860 	0.361736 	0.379099 	0.356771 	0.046508 	0.078332 	0.059389 	0.073764 	0.115311 	0.266758 	0.296311 	0.307971 	0.193180 	0.225731 	0.088788 	0.089441 	0.138837 	0.067828 	0.125982 	0.084235 	0.134572 	0.110643 	0.259583 	0.268259 	0.063923 	0.097514 	0.049649 	0.041455 	0.044841 	0.070648 	0.169476 	0.131891 	0.101962 	0.141048 	0.150874 	0.224260 	0.098705 	0.075954 	0.139131 	0.066093 	0.268283 	0.148981 	
0.114120 	0.110640 	0.136005 	0.221071 	0.213529 	0.115078 	0.099254 	0.102566 	0.127659 	0.082454 	0.349696 	0.006740 	0.323208 	0.255159 	0.295288 	0.056675 	0.091754 	0.073362 	0.059112 	0.110321 	0.090888 	0.073428 	0.047608 	0.091521 	0.180439 	0.153496 	0.231517 	0.323834 	0.202856 	0.276740 	0.218360 	0.186810 	0.242279 	0.248096 	0.193147 	0.022589 	0.008209 	0.000000 	0.014580 	0.037269 	0.043074 	0.007078 	0.021714 	0.144347 	0.177844 	0.115154 	0.128484 	0.160435 	0.188903 	0.368029 	0.386107 	0.362312 	0.046060 	0.082181 	0.057110 	0.070638 	0.120029 	0.258592 	0.288141 	0.299891 	0.200904 	0.233024 	0.082010 	0.083579 	0.146343 	0.075408 	0.132296 	0.090537 	0.142227 	0.118459 	0.263395 	0.272065 	0.056512 	0.089331 	0.041491 	0.040004 	0.039612 	0.062442 	0.162070 	0.124220 	0.095930 	0.133046 	0.142945 	0.232383 	0.106155 	0.082886 	0.146379 	0.071384 	0.260402 	0.147824 	
0.109144 	0.104118 	0.131030 	0.216799 	0.208635 	0.111398 	0.103228 	0.098346 	0.124790 	0.076384 	0.353237 	0.019656 	0.324946 	0.258396 	0.297879 	0.066033 	0.105431 	0.075210 	0.072207 	0.123939 	0.104693 	0.061769 	0.046514 	0.081623 	0.167359 	0.139811 	0.218809 	0.330799 	0.210033 	0.282867 	0.224696 	0.194524 	0.241687 	0.247909 	0.193197 	0.031212 	0.022307 	0.014580 	0.000000 	0.040650 	0.055988 	0.013921 	0.035651 	0.133581 	0.166347 	0.104572 	0.118250 	0.150005 	0.177830 	0.374618 	0.394512 	0.367156 	0.054175 	0.094511 	0.061904 	0.073426 	0.133003 	0.246151 	0.275652 	0.285785 	0.211633 	0.242375 	0.067774 	0.070245 	0.156501 	0.086184 	0.139483 	0.098071 	0.152855 	0.129696 	0.264774 	0.273414 	0.041952 	0.075777 	0.027945 	0.035306 	0.028001 	0.049782 	0.147496 	0.109664 	0.082355 	0.118784 	0.128573 	0.246400 	0.120734 	0.097393 	0.160945 	0.085022 	0.249598 	0.152978 	
0.082307 	0.081786 	0.103634 	0.186904 	0.180167 	0.081335 	0.062735 	0.069962 	0.092728 	0.054539 	0.313088 	0.042416 	0.285992 	0.218375 	0.258265 	0.031795 	0.083507 	0.036105 	0.050658 	0.100467 	0.083755 	0.063165 	0.015536 	0.072658 	0.200580 	0.170932 	0.252807 	0.290400 	0.169820 	0.242262 	0.184153 	0.154668 	0.205313 	0.211000 	0.156029 	0.058514 	0.034290 	0.037269 	0.040650 	0.000000 	0.037730 	0.044092 	0.034398 	0.125061 	0.160133 	0.143415 	0.157339 	0.188700 	0.215543 	0.334088 	0.354914 	0.326577 	0.080658 	0.106798 	0.093598 	0.107672 	0.140423 	0.280764 	0.310012 	0.312809 	0.175652 	0.203984 	0.084830 	0.079617 	0.119934 	0.053445 	0.099459 	0.058718 	0.117286 	0.096108 	0.226135 	0.234804 	0.067741 	0.109170 	0.064679 	0.021287 	0.039885 	0.086825 	0.167002 	0.133226 	0.092159 	0.146598 	0.154959 	0.222946 	0.110399 	0.092953 	0.151012 	0.091133 	0.287448 	0.183149 	
0.115916 	0.117414 	0.136085 	0.215493 	0.210065 	0.112909 	0.076174 	0.103311 	0.121994 	0.091301 	0.320814 	0.042554 	0.298984 	0.227903 	0.269174 	0.024390 	0.049914 	0.061211 	0.016230 	0.068234 	0.049476 	0.099498 	0.052964 	0.110380 	0.223276 	0.195752 	0.274527 	0.287647 	0.167141 	0.242540 	0.184272 	0.150175 	0.225416 	0.229990 	0.175683 	0.051813 	0.034946 	0.043074 	0.055988 	0.037730 	0.000000 	0.048802 	0.021990 	0.162713 	0.197827 	0.157837 	0.170943 	0.202927 	0.231695 	0.332405 	0.347133 	0.330374 	0.065898 	0.076240 	0.082189 	0.097821 	0.105729 	0.301657 	0.331201 	0.341204 	0.159052 	0.192988 	0.117184 	0.114506 	0.105602 	0.035228 	0.098085 	0.057961 	0.100799 	0.076389 	0.240798 	0.249426 	0.095199 	0.131765 	0.083912 	0.057325 	0.070849 	0.105392 	0.199432 	0.163294 	0.127240 	0.174040 	0.183441 	0.191196 	0.072783 	0.055724 	0.113528 	0.058178 	0.302996 	0.163523 	
0.119400 	0.115363 	0.141316 	0.226665 	0.218924 	0.120759 	0.106273 	0.108064 	0.133581 	0.087279 	0.356728 	0.006943 	0.330083 	0.262166 	0.302247 	0.063538 	0.096571 	0.080130 	0.064586 	0.115154 	0.095564 	0.075436 	0.053705 	0.094654 	0.175535 	0.149171 	0.226311 	0.330846 	0.209864 	0.283801 	0.225416 	0.193772 	0.248784 	0.254676 	0.199751 	0.017957 	0.014084 	0.007078 	0.013921 	0.044092 	0.048802 	0.000000 	0.026935 	0.147024 	0.180039 	0.109056 	0.122247 	0.154223 	0.182897 	0.375065 	0.392953 	0.369389 	0.041464 	0.080593 	0.051238 	0.064279 	0.119103 	0.253205 	0.282772 	0.296013 	0.207262 	0.239726 	0.081307 	0.084155 	0.152898 	0.081899 	0.139319 	0.097555 	0.148655 	0.124712 	0.270218 	0.278885 	0.054874 	0.085023 	0.037646 	0.045004 	0.041522 	0.057586 	0.160033 	0.121678 	0.096222 	0.129561 	0.139687 	0.236610 	0.108803 	0.084791 	0.148587 	0.071340 	0.254259 	0.142280 	
0.116679 	0.115658 	0.138030 	0.220923 	0.214407 	0.115649 	0.089002 	0.104358 	0.126673 	0.087873 	0.337720 	0.020567 	0.313729 	0.243915 	0.284744 	0.040374 	0.070040 	0.067618 	0.037652 	0.088607 	0.069189 	0.087603 	0.049170 	0.102341 	0.202124 	0.175187 	0.253108 	0.307654 	0.186806 	0.261681 	0.203270 	0.170193 	0.236469 	0.241662 	0.186802 	0.031231 	0.013518 	0.021714 	0.035651 	0.034398 	0.021990 	0.026935 	0.000000 	0.155580 	0.190082 	0.135884 	0.148959 	0.180943 	0.209757 	0.352214 	0.368220 	0.348636 	0.049349 	0.072646 	0.064408 	0.079668 	0.107610 	0.280085 	0.309646 	0.321420 	0.180946 	0.214374 	0.100853 	0.100381 	0.127143 	0.056249 	0.116815 	0.075418 	0.122554 	0.098292 	0.254657 	0.263327 	0.076783 	0.111032 	0.063162 	0.047784 	0.055607 	0.084113 	0.182173 	0.144927 	0.113048 	0.154433 	0.164185 	0.210783 	0.086291 	0.064587 	0.126973 	0.058012 	0.281016 	0.150890 	
0.065458 	0.054617 	0.065266 	0.121826 	0.109798 	0.075683 	0.130236 	0.073568 	0.083335 	0.072847 	0.310533 	0.151011 	0.268211 	0.223602 	0.251721 	0.149523 	0.203961 	0.113833 	0.174118 	0.218241 	0.204860 	0.072048 	0.109754 	0.053260 	0.178474 	0.148276 	0.224300 	0.323422 	0.221549 	0.272241 	0.225224 	0.214533 	0.174708 	0.183508 	0.143338 	0.164769 	0.148001 	0.144347 	0.133581 	0.125061 	0.162713 	0.147024 	0.155580 	0.000000 	0.035254 	0.170512 	0.181978 	0.202056 	0.215861 	0.359850 	0.397481 	0.335697 	0.187608 	0.226283 	0.192962 	0.201035 	0.263005 	0.251699 	0.276316 	0.246411 	0.258475 	0.269979 	0.082897 	0.070435 	0.208614 	0.167022 	0.171320 	0.151891 	0.210256 	0.198759 	0.211861 	0.218991 	0.105551 	0.126538 	0.127338 	0.107803 	0.105586 	0.132621 	0.103224 	0.101230 	0.064236 	0.121445 	0.120473 	0.333858 	0.234914 	0.217940 	0.275055 	0.213452 	0.278399 	0.281194 	
